% Model:              stripline_filter_simple_decomp_new_mesh.mph
% Version:            COMSOL 6.1.0.252
% Date:               May 4 2023, 12:46
% Dimension:          3
% Nodes:              953
% Expressions:        1
% Description:        Surface
% X                       Y                        Z                        imag(emw.Ex)
0.0025                    0.0019                   0.005608                 6.128903822413544E-13
0.0024375000000000004     0.0019                   0.005608                 5.3078891541330506E-14
0.0025                    0.0018416666666666666    0.005608                 33.01582039489489
0.0024375                 0.0018416666666666668    0.005608                 20.369012324600973
0.002375                  0.0019000000000000002    0.005608                 -5.016424349382111E-13
0.002375                  0.0018416666666666666    0.005608000000000001     7.722204254307206
0.0023125000000000003     0.0019                   0.005608000000000001     -1.0512735971972737E-12
0.0023125                 0.0018416666666666666    0.005608000000000001     -4.924603815986607
0.0022500000000000003     0.0019000000000000002    0.005608000000000001     -1.5958145952358614E-12
0.0022500000000000003     0.0018416666666666668    0.005608000000000001     -17.571411886280433
0.0021875                 0.0019000000000000002    0.005608000000000001     -2.135265429053967E-12
0.0021875                 0.0018416666666666668    0.005608000000000002     -30.218219956574245
0.0021250000000000006     0.0019                   0.005608000000000002     -2.669626098651599E-12
0.0021250000000000006     0.0018416666666666668    0.005608000000000002     -42.86502802686801
0.0020625000000000005     0.0019000000000000002    0.005608000000000002     -3.1988966040287497E-12
0.0020625000000000005     0.0018416666666666668    0.005608000000000002     -16.393568627251714
0.0020000000000000005     0.0019000000000000002    0.005608000000000002     -72.33517498625098
0.0025                    0.0017833333333333334    0.005608                 64.84583324142682
0.0024375                 0.0017833333333333334    0.005608000000000001     39.55221710083945
0.0023750000000000004     0.0017833333333333334    0.005608000000000001     14.258600960252595
0.0023125000000000003     0.0017833333333333334    0.005608000000000001     -11.035015180334572
0.0022500000000000003     0.0017833333333333334    0.005608000000000002     -36.32863132092157
0.0021875                 0.0017833333333333336    0.005608000000000002     -61.622247461508884
0.0021250000000000006     0.0017833333333333334    0.005608000000000002     -82.49414448349435
0.0025                    0.001725                 0.005608                 95.49003853959607
0.0024375                 0.001725                 0.005608                 57.54961432871548
0.002375                  0.0017250000000000004    0.005608                 19.609190117835396
0.0023125000000000003     0.001725                 0.005608000000000001     -18.331234093044948
0.0022500000000000003     0.0017250000000000004    0.005608000000000002     -56.27165830392539
0.0021875                 0.0017250000000000004    0.005608000000000002     -119.87378958712878
0.0025                    0.0016666666666666668    0.005608                 124.94843628940316
0.0024375                 0.001666666666666667     0.005608                 74.36120400822958
0.0023750000000000004     0.001666666666666667     0.005608000000000001     23.773971727055866
0.0023125000000000003     0.0016666666666666668    0.005608000000000002     -26.813260554117853
0.0022500000000000003     0.001666666666666667     0.005608000000000002     -128.53250393815418
0.0025                    0.0016083333333333336    0.005608                 153.22102649084798
0.0024375000000000004     0.0016083333333333336    0.005608000000000001     89.98698613938069
0.0023750000000000004     0.0016083333333333336    0.005608000000000002     26.752945787913816
0.0023125000000000003     0.0016083333333333336    0.005608000000000002     -108.47028753657138
0.0025                    0.0015500000000000002    0.005608                 180.3078091439296
0.0024375                 0.0015500000000000002    0.005608000000000001     104.42696072216953
0.002375                  0.0015500000000000002    0.005608000000000001     -59.68714038238059
0.0025                    0.001491666666666667     0.005608000000000001     206.20878424864975
0.0024375000000000004     0.001491666666666667     0.005608000000000001     17.816937524418996
0.0025                    0.0014333333333333336    0.005608000000000001     28.581368480140647
0.0019354009108757402     0.0012544340293143587    0.005608                 -39.62898290350032
0.0020059757970162725     0.0012767964423167305    0.005608                 -50.89258159071113
0.0019434757970162727     0.001335129775650064     0.005608                 0.6409121774102005
0.0020140506831568053     0.0013574921886524358    0.005608                 -29.554118052819796
0.0020765506831568054     0.0012991588553191023    0.005608                 -3.861500850200349
0.0020846255692973377     0.0013798546016548076    0.005608000000000001     -1.123172208276106
0.0021471255692973373     0.0013215212683214744    0.005608                 29.268497143802442
0.00215520045543787       0.0014022170146571796    0.005608                 12.43585298811921
0.00221770045543787       0.001343883681323846     0.005608                 48.4974123912961
0.002225775341578403      0.0014245794276595513    0.005608                 11.122957536368993
0.002288275341578403      0.001366246094326218     0.005608                 53.82524489228074
0.0022963502277189352     0.0014469418406619233    0.005608000000000001     -5.0618585635272115
0.002358850227718935      0.0013886085073285899    0.005608                 45.25199464675685
0.0023669251138594676     0.0014693042536642951    0.005608000000000001     -36.11859531156986
0.0024294251138594677     0.0014109709203309617    0.005608000000000001     22.777661654724223
0.0019515506831568052     0.0014158255219857692    0.005608                 5.902658589742487
0.0020221255692973376     0.0014381879349881408    0.005608000000000001     -1.9581662499598913
0.00209270045543787       0.0014605503479905128    0.005608000000000001     -1.4067703167098458
0.002163275341578403      0.0014829127609928849    0.005608                 -15.72729503160556
0.002233850227718935      0.0015052751739952565    0.005608000000000001     -44.91974039464749
0.0023044251138594676     0.0015276375869976285    0.005608000000000001     -88.98410640583586
0.001959625569297338      0.0014965212683214742    0.005608000000000001     2.4909056194007917
0.0020302004554378704     0.001518883681323846     0.005608000000000001     18.08465929145403
0.0021007753415784028     0.0015412460943262179    0.005608000000000001     -9.243494686587862
0.002171350227718935      0.00156360850732859      0.005608000000000001     -51.4435693127762
0.0022419251138594675     0.0015859709203309615    0.005608000000000001     -108.51556458710962
0.0019677004554378703     0.0015772170146571794    0.005608000000000001     -9.59434673362307
0.0020382753415784027     0.0015995794276595513    0.005608000000000001     30.57435857142186
0.0021088502277189355     0.0016219418406619231    0.005608000000000001     -24.63334531791061
0.0021794251138594675     0.001644304253664295     0.005608000000000001     -94.71296985539135
0.0019757753415784026     0.0016579127609928847    0.005608000000000001     -30.35309846932614
0.0020463502277189355     0.0016802751739952565    0.005608000000000002     35.51093158994564
0.002116925113859468      0.0017026375869976284    0.005608000000000002     -47.57632221068013
0.0019838502277189354     0.0017386085073285897    0.005608000000000002     -59.78534958770683
0.002054425113859468      0.0017609709203309616    0.005608000000000002     32.89437834702491
0.001991925113859468      0.001819304253664295     0.005608000000000002     -97.89110008876571
0.0025                    9.666666666666667E-4     0.005608                 16.370953324919462
0.0025                    0.001025                 0.005608                 3.0044691412679203
0.002454656487906786      9.664602461865056E-4     0.005608                 15.714854900025998
0.0024546564879067857     0.001024793579519839     0.005608                 7.62552633136602
0.0025                    0.0010833333333333333    0.005608                 -10.320659669973335
0.002454656487906786      0.0010831269128531724    0.005608000000000001     -0.43550687086735423
0.0025                    0.0011416666666666667    0.005608                 -23.604433108804184
0.002454656487906786      0.0011414602461865058    0.005608                 -8.455184700690094
0.0025                    0.0012000000000000001    0.005608                 -36.84685117522622
0.002454656487906786      0.001199793579519839     0.005608                 -16.433507158103108
0.0025                    0.0012583333333333335    0.005608                 -50.047913869237156
0.002454656487906786      0.0012581269128531724    0.005608000000000001     -24.370474243105946
0.0025                    0.001316666666666667     0.005608                 -63.20762119083747
0.0024546564879067857     0.0013164602461865058    0.005608000000000001     -32.266085955698145
0.0025                    0.0013750000000000001    0.005608000000000001     -76.32597314002965
0.002454656487906786      0.0013747935795198393    0.005608000000000001     -6.08789402210175
0.002409312975813572      9.662538257063446E-4     0.005608                 15.02348671845529
0.002409312975813572      0.001024587159039678     0.005608                 12.209327558703308
0.002409312975813572      0.0010829204923730113    0.005608                 9.412389965478727
0.002409312975813572      0.0011412538257063447    0.005608                 6.656807744664551
0.002409312975813572      0.001199587159039678     0.005608                 3.9425808962596447
0.002409312975813572      0.0012579204923730113    0.005608                 1.2697094202658286
0.002409312975813572      0.0013162538257063447    0.005608                 39.35874771769534
0.002363969463720358      9.660474052261836E-4     0.005608                 14.296848780207336
0.002363969463720358      0.001024380738559517     0.005608                 16.755872823280242
0.002363969463720358      0.0010827140718928502    0.005608                 19.223030839064453
0.002363969463720358      0.0011410474052261836    0.005608                 21.731544227258382
0.002363969463720358      0.001199380738559517     0.005608                 24.28141298786204
0.002363969463720358      0.0012577140718928502    0.005608                 69.4607159958448
0.002318625951627144      9.658409847460225E-4     0.005608                 13.534941085282139
0.002318625951627144      0.001024174318079356     0.005608                 21.265162125096822
0.002318625951627144      0.0010825076514126893    0.005608                 28.9964157498888
0.002318625951627144      0.0011408409847460227    0.005608                 36.76902474709141
0.002318625951627144      0.001199174318079356     0.005608                 84.21801081234673
0.0022732824395339303     9.656345642658615E-4     0.005608                 12.737763633679691
0.0022732824395339303     0.0010239678975991948    0.005608                 25.73719546415259
0.0022732824395339303     0.0010823012309325282    0.005608                 38.7325446979537
0.0022732824395339303     0.0011406345642658616    0.005608                 83.63063216720104
0.0022279389274407163     9.654281437857005E-4     0.005608                 11.905316425400004
0.0022279389274407163     0.0010237614771190337    0.005608                 30.171972840448007
0.0022279389274407163     0.0010820948104523671    0.005608                 67.69858006040829
0.0021825954153475023     9.652217233055395E-4     0.005608                 11.037599460443069
0.0021825954153475023     0.0010235550566388728    0.005608                 36.421854491967906
0.0021372519032542884     9.650153028253784E-4     0.005608                 -38.62085989504011
0.0019606322849230586     0.0012182566885032362    0.005608                 -128.19875795664183
0.0020312071710635914     0.001240619101505608     0.005608                 -51.68530983309277
0.0019858636589703774     0.0011820793476921135    0.005608                 -150.92687896757428
0.0020564385451109094     0.0012044417606944854    0.005608                 -57.83248206970528
0.0020110950330176954     0.001145902006880991     0.005608                 -163.0925778485613
0.0020816699191582282     0.001168264419883363     0.005608                 -55.523483774136736
0.0020363264070650143     0.0011097246660698686    0.005608                 -164.6958545996049
0.0021069012932055466     0.0011320870790722404    0.005608                 -44.75831494638663
0.002061557781112333      0.001073547325258746     0.005608                 -155.73670922070335
0.002132132667252865      0.001095909738261118     0.005608                 -25.53697558645441
0.002086789155159651      0.0010373699844476235    0.005608                 -136.21514171185498
0.0021573640413001835     0.0010597323974499953    0.005608                 2.1405343056575807
0.00211202052920697       0.001001192643636501     0.005608                 -106.13115207306373
0.0021017820572041238     0.0012629815145079799    0.005608000000000001     -6.08805370678625
0.002127013431251442      0.0012268041736968574    0.005608                 -4.389635542279628
0.0021522448052987606     0.0011906268328857347    0.005608                 5.7649531544085395
0.0021774761793460795     0.0011544494920746123    0.005608                 24.375712383277
0.002202707553393398      0.0011182721512634898    0.005608000000000001     51.442642144326555
0.002172356943344656      0.0012853439275103517    0.005608                 26.5789575746487
0.0021975883173919746     0.0012491665866992293    0.005608                 36.122966140274215
0.002222819691439293      0.0012129892458881066    0.005608                 54.12314523808049
0.002248051065486612      0.0011768119050769841    0.005608                 80.5794948680682
0.002242931829485189      0.0013077063405127235    0.005608                 46.31572401121319
0.002268163203532507      0.001271528999701601     0.005608                 63.70532297795739
0.002293394577579826      0.0012353516588904786    0.005608                 89.55109247688188
0.002313506715625721      0.0013300687535150954    0.005608                 53.12224560290586
0.0023387380896730398     0.001293891412703973     0.005608                 78.35743497076805
0.0023840816017662537     0.0013524311665174674    0.005608                 46.99852234972786
0.0018896276406264224     0.001272779192179401     0.005608                 10.746099840892981
0.001897702526766955      0.0013534749385151063    0.005608                 36.549000854925
0.0019057774129074875     0.0014341706848508115    0.005608000000000001     20.317808535102813
0.00191385229904802       0.0015148664311865165    0.005608000000000001     -5.70725628863147
0.0019219271851885526     0.0015955621775222218    0.005608000000000001     -41.5261936162824
0.0019300020713290849     0.001676257923857927     0.005608000000000002     -87.13900344783815
0.0019380769574696176     0.001756953670193632     0.005608000000000002     -142.54568578331055
0.0019461518436101502     0.0018376494165293373    0.005608000000000002     -34.58294578497393
0.0018438543703771049     0.0012911243550444433    0.005608                 -28.438022438947712
0.0018519292565176372     0.0013718201013801488    0.005608                 12.523995437291433
0.00186000414265817       0.0014525158477158538    0.005608                 25.013619687128084
0.0018680790287987025     0.0015332115940515588    0.005608                 27.709371433054912
0.001876153914939235      0.0016139073403872643    0.005608000000000002     20.611250675067822
0.0018842288010797674     0.0016946030867229693    0.005608000000000002     3.719257413170453
0.0018923036872203        0.0017752988330586744    0.005608000000000002     99.40826745625563
0.001798081100127787      0.0013094695179094859    0.005608                 -53.77380302195451
0.0018061559862683194     0.0013901652642451911    0.005608                 2.0637926474259984
0.0018142308724088522     0.0014708610105808964    0.005608                 43.27423346692467
0.0018223057585493845     0.0015515567569166014    0.005608                 74.6908017825117
0.001830380644689917      0.0016322525032523066    0.005608000000000001     96.31349759418481
0.0018384555308304496     0.0017129482495880119    0.005608000000000001     178.87535176958733
0.0017523078298784692     0.0013278146807745282    0.005608                 -65.26124190812993
0.001760382716019002      0.0014085104271102334    0.005608                 5.168392485333243
0.0017684576021595342     0.0014892061734459385    0.005608                 75.09964987449348
0.001776532488300067      0.0015699019197816437    0.005608000000000001     135.23703475973798
0.0017846073744405993     0.001650597666117349     0.005608000000000001     203.8183071550184
0.0017065345596291516     0.0013461598436395705    0.005608                 -62.9003390974712
0.0017146094457696842     0.0014268555899752758    0.005608                 21.837794951010892
0.0017226843319102167     0.001507551336310981     0.005608000000000001     120.48986890982769
0.0017307592180507492     0.001588247082646686     0.005608000000000001     174.23713361255392
0.0016607612893798336     0.001364505006504613     0.005608                 -46.69109458998145
0.0016688361755203664     0.0014452007528403183    0.005608                 52.072000044453944
0.0016769110616608987     0.0015258964991760235    0.005608                 90.13183114219109
0.0016149880191305161     0.0013828501693696554    0.005608                 -16.633508385657336
0.0016230629052710486     0.0014635459157053606    0.005608                 -48.49760025607256
0.0015692147488811984     0.0014011953322346977    0.005608                 -124.25080813411203
8.124562499286845E-4      7.96766623198248E-4      0.005608                 -24.258093662013763
8.358992186875989E-4      7.596707952984669E-4     0.005608                 -69.49941791593848
8.593158846330676E-4      8.124721127806757E-4     0.005608                 -55.26661048395465
8.827588533919821E-4      7.753762848808947E-4     0.005608                 -70.71409136853559
8.593421874465135E-4      7.225749673986859E-4     0.005607999999999999     -91.84515426153709
9.062018221508965E-4      7.382804569811138E-4     0.005608                 -84.44548368639754
8.82785156205428E-4       6.85479139498905E-4      0.005608                 -104.56893532617583
9.29644790909811E-4       7.011846290813328E-4     0.005608                 -87.23883770199731
9.062281249643424E-4      6.48383311599124E-4      0.005608                 -107.67076110985877
9.530877596687255E-4      6.640888011815517E-4     0.005608                 -79.09415341533057
9.296710937232568E-4      6.11287483699343E-4      0.005607999999999999     -101.15063161258364
9.7653072842764E-4        6.269929732817708E-4     0.005608                 -60.01143082640361
9.531140624821714E-4      5.741916557995619E-4     0.005608                 -85.00854683435058
9.999736971865545E-4      5.898971453819898E-4     0.005608                 -29.99066993520979
9.765570312410857E-4      5.37095827899781E-4      0.005607999999999999     -59.244506775159564
0.001023416665945469      5.528013174822088E-4     0.005607999999999999     44.08844719029718
0.0010000000000000002     5.0E-4                   0.005607999999999999     -15.90567429000847
9.061755193374508E-4      8.281776023631034E-4     0.005608                 -21.854501117880925
9.296184880963653E-4      7.910817744633226E-4     0.005608                 -32.21757360025112
9.530614568552797E-4      7.539859465635415E-4     0.005608                 -37.01216581750256
9.765044256141942E-4      7.168901186637605E-4     0.005608                 -30.868719732491698
9.999473943731086E-4      6.797942907639796E-4     0.005608                 -13.787235345216274
0.001023390363132023      6.426984628641985E-4     0.005608                 14.23228734432304
0.0010468333318909375     6.056026349644176E-4     0.005608                 94.31867113654565
9.530351540418341E-4      8.438830919455314E-4     0.005608                 2.129723694465909
9.764781228007483E-4      8.067872640457503E-4     0.005608                 -3.2489269833997327
9.999210915596628E-4      7.696914361459694E-4     0.005607999999999999     0.8932808999585544
0.0010233640603185773     7.325956082461884E-4     0.005608                 15.973527085579933
0.0010468070290774918     6.954997803464074E-4     0.005607999999999999     41.99181157346543
0.0010702499978364063     6.584039524466265E-4     0.005607999999999999     126.8321604037378
9.99894788746217E-4       8.595885815279591E-4     0.005608                 16.68606395308324
0.0010233377575051316     8.224927536281781E-4     0.005608                 16.19184848201757
0.001046780726264046      7.853969257283972E-4     0.005608                 29.270856465985695
0.0010702236950229605     7.483010978286161E-4     0.005608                 53.28790275221668
0.001093666663781875      7.112052699288352E-4     0.005608                 141.62891499186946
0.0010467544234506        8.752940711103869E-4     0.005608                 21.81451965797244
0.0010701973922095146     8.381982432106059E-4     0.005608                 26.104752796001463
0.001093640360968429      8.011024153108249E-4     0.005608                 48.120560880579994
0.0011170833297273436     7.640065874110439E-4     0.005608                 138.7089349009418
0.0010936140581549833     8.909995606928148E-4     0.005608                 17.515090809131454
0.0011170570269138978     8.539037327930338E-4     0.005608                 26.489785958549675
0.0011404999956728123     8.168079048932528E-4     0.005607999999999999     118.07222013095318
0.0011404736928593666     9.067050502752426E-4     0.005608                 3.787777406564035
0.001163916661618281      8.696092223754615E-4     0.005608                 79.71877068190759
0.0011873333275637496     9.224105398576703E-4     0.005608                 -19.67182937782681
0.0010895514419431407     0.0014201846121003978    0.005608                 -23.750049895914568
0.0011017741776457167     0.001357962853070057     0.005608                 -52.15063219574775
0.0011495093553103978     0.0014178109521171853    0.005608                 43.4006646982769
0.001161732091012974      0.0013555891930868444    0.005608                 -15.39337408610875
0.001113996913348293      0.001295741094039716     0.005608                 -98.74903976818602
0.00117395482671555       0.0012933674340565033    0.005608                 -66.33197091664272
0.0011262196490508692     0.001233519335009375     0.005608                 -133.4463885655356
0.0011861775624181262     0.0012311456750261625    0.005608                 -104.4768907188558
0.0011384423847534452     0.001171297575979034     0.005608                 -156.24267858779913
0.0011984002981207022     0.0011689239159958216    0.005608                 -129.8281334927467
0.0011506651204560212     0.001109075816948693     0.005608                 -167.13790983497452
0.0012106230338232782     0.0011067021569654805    0.005608                 -142.38569923831201
0.0011628878561585974     0.0010468540579183522    0.005608                 -166.13208230706294
0.0012228457695258545     0.0010444803979351397    0.005608                 -142.14958795555228
0.0011751105918611736     9.846322988880112E-4     0.005608                 -153.22519600406423
0.0012350685052284307     9.822586389047988E-4     0.005608                 18.371066013012552
0.001209467268677655      0.0014154372921339727    0.005608                 25.390018814623886
0.0012216900043802313     0.001353215533103632     0.005608                 -2.668833817673331
0.0012339127400828073     0.001290993774073291     0.005608                 -21.286059395755416
0.0012461354757853835     0.00122877201504295      0.005608                 -27.10960794551289
0.0012583582114879595     0.001166550256012609     0.005608                 -20.13947946694634
0.0012705809471905357     0.0011043284969822682    0.005608                 -0.37567396005829323
0.0012828036828931117     0.001042106737951927     0.005608                 142.42777840374814
0.0012694251820449124     0.0014130636321507603    0.005608                 9.8529439081999
0.0012816479177474884     0.0013508418731204195    0.005608                 12.50310442315562
0.0012938706534500646     0.0012886201140900784    0.005608                 26.207250097529453
0.0013060933891526406     0.0012263983550597375    0.005608                 52.70507280022457
0.0013183161248552168     0.0011641765960293967    0.005608                 91.99657253124911
0.0013305388605577928     0.0011019548369990556    0.005608                 216.30251750903787
0.0013293830954121694     0.0014106899721675478    0.005608                 -3.2105600209956964
0.0013416058311147457     0.001348468213137207     0.005608                 30.122440636380517
0.0013538285668173219     0.0012862464541068658    0.005608                 76.14795756321004
0.0013660513025198979     0.001224024695076525     0.005608                 134.96715151836253
0.0013782740382224739     0.0011618029360461841    0.005608                 239.99528332888312
0.0013893410087794267     0.0014083163121843352    0.005608                 -13.800492972961909
0.001401563744482003      0.0013460945531539943    0.005608                 50.18917482200423
0.001413786480184579      0.0012838727941236533    0.005608                 128.53606300128612
0.0014260092158871552     0.0012216510350933124    0.005608                 213.50607586328348
0.001449298922146684      0.0014059426522011228    0.005608                 -21.916854947699917
0.00146152165784926       0.0013437208931707818    0.005608                 72.70330698002007
0.001473744393551836      0.001281499134140441     0.005608                 136.83489511223823
0.0015092568355139413     0.0014035689922179103    0.005608                 -27.559645945208878
0.0015214795712165173     0.0013413472331875694    0.005608                 9.981741075749397
8.328618602814163E-4      0.001072378110178123     0.005608                 24.43670303288536
8.303111589873249E-4      0.0010379266743056387    0.005608                 32.51422019351988
8.771707936917079E-4      0.0010536321638880664    0.005608                 34.37688093613552
8.746200923976165E-4      0.001019180728015582     0.005608                 39.17551031506912
8.277604576932333E-4      0.0010034752384331543    0.005608                 25.080677684114445
8.720693911035251E-4      9.847292921430979E-4     0.005608                 24.424603205240032
8.252097563991418E-4      9.690238025606699E-4     0.005608                 16.85348886575572
8.695186898094334E-4      9.502778562706132E-4     0.005608                 8.663120903705249
8.226590551050504E-4      9.345723666881855E-4     0.005608                 7.832653738442821
8.66967988515342E-4       9.158264203981289E-4     0.005608                 -8.108936589536711
8.20108353810959E-4       9.001209308157011E-4     0.005608                 -1.9818276978235652
8.644172872212506E-4      8.813749845256446E-4     0.005608                 -25.89156927448471
8.175576525168675E-4      8.656694949432167E-4     0.005608                 -12.589955443043838
8.618665859271592E-4      8.469235486531601E-4     0.005608                 -44.684777151138746
8.15006951222776E-4       8.312180590707324E-4     0.005608                 -23.991729497217683
9.214797271019996E-4      0.0010348862175980098    0.005608                 2.6529512738411825
9.189290258079082E-4      0.0010004347817255256    0.005608                 9.383363471944747
9.163783245138167E-4      9.65983345853041E-4      0.005608                 4.083029329963267
9.138276232197252E-4      9.315319099805566E-4     0.005608                 -2.227880003724863
9.112769219256337E-4      8.970804741080722E-4     0.005608                 -9.549364529118861
9.087262206315423E-4      8.62629038235588E-4      0.005608                 -17.881424246219467
9.657886605122913E-4      0.0010161402713079533    0.005608                 -18.146051791512804
9.632379592181999E-4      9.81688835435469E-4      0.005608                 -9.82496019980157
9.606872579241083E-4      9.472373995629846E-4     0.005608                 -5.674721373935881
9.581365566300169E-4      9.127859636905002E-4     0.005608                 -2.5350577397759935
9.555858553359255E-4      8.783345278180158E-4     0.005608                 -0.405969297323054
0.001010097593922583      9.973943250178967E-4     0.005608                 -28.02012825992543
0.0010075468926284915     9.629428891454123E-4     0.005608                 -18.449460700169542
0.0010049961913344        9.284914532729279E-4     0.005608                 -4.848648906456674
0.0010024454900403085     8.940400174004435E-4     0.005608                 7.741587695550379
0.0010544065273328746     9.7864837872784E-4       0.005608                 -26.969278131397203
0.0010518558260387831     9.441969428553557E-4     0.005608                 -16.49013802915951
0.0010493051247446915     9.097455069828713E-4     0.005608                 6.5612467324014005
0.0010987154607431664     9.599024324377836E-4     0.005608                 -14.993501405927503
0.0010961647594490748     9.254509965652992E-4     0.005608                 -3.946992186770757
0.001143024394153458      9.41156486147727E-4      0.005608                 7.907201916483004
8.649480579891319E-4      0.0011158539229184075    0.005608                 74.15793427240393
9.092569913994235E-4      0.0010971079766283506    0.005608                 57.65173994363806
9.535659248097151E-4      0.0010783620303382942    0.005608                 24.357171137957494
9.97874858220007E-4       0.0010596160840482378    0.005608                 2.3286323547804386
0.0010421837916302986     0.001040870137758181     0.005608                 -8.433876405891851
0.0010864927250405902     0.0010221241914681245    0.005608                 -7.930355144060741
0.001130801658450882      0.001003378245178068     0.005608                 3.839196140273998
8.970342556968474E-4      0.0011593297356586917    0.005608                 110.4952929359423
9.41343189107139E-4       0.0011405837893686353    0.005608                 81.02911216341795
9.856521225174307E-4      0.0011218378430785786    0.005608                 38.64511406567476
0.0010299610559277223     0.001103091896788522     0.005608                 7.527145990436111
0.001074269989338014      0.0010843459504984653    0.005608                 -12.324792062299593
0.0011185789227483056     0.0010656000042084087    0.005608                 -20.910700092532352
9.291204534045629E-4      0.0012028055483989761    0.005608                 130.61472759549056
9.734293868148545E-4      0.0011840596021089195    0.005608                 85.97003629842061
0.0010177383202251463     0.0011653136558188628    0.005608                 34.496608908614235
0.001062047253635438      0.0011465677095288064    0.005608                 -5.710788458688057
0.0011063561870457296     0.0011278217632387498    0.005608                 -34.652155803486494
9.612066511122785E-4      0.0012462813611392605    0.005608                 134.5162382510479
0.0010055155845225701     0.0012275354148492037    0.005608                 72.4745123486448
0.001049824517932862      0.0012087894685591473    0.005608                 11.911655666776142
0.0010941334513431536     0.0011900435222690908    0.005608                 -37.38517099258843
9.932928488199941E-4      0.0012897571738795448    0.005608                 122.199824902615
0.0010376017822302857     0.0012710112275894883    0.005608                 40.54254031409255
0.0010819107156405773     0.0012522652812994315    0.005608                 -29.109745659839973
0.0010253790465277095     0.0013332329866198292    0.005608                 93.6654875501909
0.0010696879799380013     0.0013144870403297725    0.005608                 -9.825879805237946
0.0010574652442354251     0.0013767087993601134    0.005608                 48.91322619377789
7.912541277462393E-4      0.0011174975130725244    0.005608                 -32.75020569322966
8.233403254539549E-4      0.0011609733258128086    0.005608                 -2.0454899774887423
8.554265231616703E-4      0.001204449138553093     0.005608                 37.28957603547211
8.875127208693859E-4      0.0012479249512933773    0.005608                 62.62524212523036
9.195989185771015E-4      0.0012914007640336617    0.005608                 73.96150829178474
9.516851162848171E-4      0.0013348765767739461    0.005608                 71.29837453513687
9.837713139925325E-4      0.0013783523895142303    0.005608                 54.6358408552861
0.0010158575117002481     0.0014218282022545148    0.005608                 24.84629494746995
7.496463952110622E-4      0.0011626169159669256    0.005608                 -52.642033038556704
7.817325929187778E-4      0.00120609272870721      0.005608                 -36.92831089298828
8.138187906264933E-4      0.0012495685414474944    0.005608                 1.533905317699876
8.459049883342088E-4      0.0012930443541877786    0.005608                 25.996721605185314
8.779911860419244E-4      0.001336520166928063     0.005608                 36.46013796946782
9.1007738374964E-4        0.0013799959796683473    0.005608                 32.924154410548
9.421635814573556E-4      0.0014234717924086317    0.005608                 15.89064379422302
7.080386626758851E-4      0.001207736318861327     0.005608                 -63.39238543533913
7.401248603836007E-4      0.0012512121316016114    0.005608                 -58.54493297351223
7.722110580913163E-4      0.0012946879443418956    0.005608                 -20.955566565096383
8.042972557990317E-4      0.00133816375708218      0.005608                 2.634399920117005
8.363834535067474E-4      0.0013816395698224644    0.005608                 12.224966482127464
8.68469651214463E-4       0.0014251153825627486    0.005608                 7.978092674760134
6.664309301407081E-4      0.0012528557217557283    0.005608                 -65.00126288357751
6.985171278484237E-4      0.0012963315344960125    0.005608                 -66.89535621905966
7.306033255561393E-4      0.001339807347236297     0.005608                 -30.178839612916327
7.626895232638548E-4      0.0013832831599765814    0.005608                 -7.461722929975835
7.947757209715704E-4      0.0014267589727168656    0.005608                 1.10864158908106
6.248231976055312E-4      0.0012979751246501295    0.005608                 -57.468665383271976
6.569093953132467E-4      0.0013414509373904139    0.005608                 -61.97958062963153
6.889955930209622E-4      0.0013849267501306983    0.005608                 -26.13591382576029
7.210817907286778E-4      0.0014284025628709825    0.005608                 -4.717709462814078
5.832154650703541E-4      0.0013430945275445308    0.005608                 -40.79459293442211
6.153016627780696E-4      0.0013865703402848152    0.005608                 -43.797606205227545
6.473878604857852E-4      0.0014300461530250995    0.005608                 -9.5009604809254
5.41607732535177E-4       0.001388213930438932     0.005608                 -14.979045537027911
5.736939302428926E-4      0.0014316897431792164    0.005608                 -13.241111465252652
5.0E-4                    0.0014333333333333333    0.005608                 -36.07988765547352
0.001078357511700248      0.0014801615355878482    0.005608                 -150.444659571306
0.0010046635814573556     0.0014818051257419651    0.005608                 -9.89308604927686
0.0010671635814573557     0.0015401384590752985    0.005608                 -169.3163893671064
9.93469651214463E-4       0.0015417820492294153    0.005608                 -38.43468978613035
0.001055969651214463      0.0016001153825627487    0.005608                 -179.69326146767781
9.822757209715703E-4      0.0016017589727168656    0.005608                 -59.906128567853145
0.0010447757209715704     0.001660092306050199     0.005608                 -181.57527587302002
9.710817907286778E-4      0.001661735896204316     0.005608                 -74.30740239444478
0.0010335817907286778     0.0017200692295376494    0.005608                 -174.9624325831325
9.598878604857853E-4      0.0017217128196917663    0.005608                 -81.63851126590598
0.001022387860485785      0.0017800461530250995    0.005608                 -159.85473159801444
9.486939302428927E-4      0.0017816897431792164    0.005608                 -81.89945518223684
0.0010111939302428926     0.0018400230765125499    0.005608                 -136.25217291766953
9.375E-4                  0.0018416666666666668    0.005608                 -10.185751914147271
0.001                     0.0019000000000000002    0.005608                 -69.43650436139471
9.30969651214463E-4       0.001483448715896082     0.005608                 0.4680645266139649
9.197757209715704E-4      0.0015434256393835324    0.005608                 -8.386222651663005
9.085817907286778E-4      0.0016034025628709825    0.005608                 -10.17034487480933
8.973878604857852E-4      0.001663379486358433     0.005608                 -4.8843021428243105
8.861939302428926E-4      0.0017233564098458832    0.005608                 7.471905544290692
8.75E-4                   0.0017833333333333334    0.005608                 57.36414440660543
8.572757209715704E-4      0.001485092306050199     0.005608                 11.902916653754694
8.460817907286777E-4      0.0015450692295376491    0.005608                 22.73594603405421
8.348878604857851E-4      0.0016050461530250995    0.005608                 40.63914036948442
8.236939302428926E-4      0.0016650230765125498    0.005608                 65.6124996600461
8.125000000000001E-4      0.0017250000000000002    0.005608                 98.49493242016837
7.835817907286778E-4      0.001486735896204316     0.005608                 24.41147033214529
7.723878604857852E-4      0.0015467128196917663    0.005608                 54.93181627102158
7.611939302428926E-4      0.0016066897431792164    0.005608                 92.52232716502829
7.5E-4                    0.0016666666666666668    0.005608                 113.20661212654173
7.098878604857852E-4      0.0014883794863584329    0.005608                 37.99372556178597
6.986939302428926E-4      0.0015483564098458832    0.005608                 88.20138805923895
6.875E-4                  0.0016083333333333334    0.005608                 101.49918352572558
6.361939302428927E-4      0.0014900230765125498    0.005608                 52.649682342676485
6.25E-4                   0.0015500000000000002    0.005608                 63.37264661772077
5.625000000000001E-4      0.0014916666666666667    0.005608                 -1.1729985974735797
4.999999999999999E-4      9.666666666666667E-4     0.005607999999999999     1.6931138343026266
5.41607732535177E-4       9.798805971055987E-4     0.005607999999999999     -2.5314393814096148
4.999999999999999E-4      0.0010249999999999999    0.005607999999999999     -5.760014872494679
5.41607732535177E-4       0.0010382139304389321    0.005608                 -1.5835655613950996
5.83215465070354E-4       9.930945275445308E-4     0.005608                 2.195360849527941
5.83215465070354E-4       0.0010514278608778642    0.005608                 0.9930939507519089
6.24823197605531E-4       0.0010063084579834628    0.005607999999999999     4.901292086866084
6.248231976055312E-4      0.0010646417913167962    0.005608                 1.9699636639455926
6.664309301407081E-4      0.0010195223884223949    0.005608                 5.586354330605026
6.664309301407081E-4      0.001077855721755728     0.005608                 1.347043578186947
7.080386626758851E-4      0.001032736318861327     0.005608                 4.250547580744472
7.080386626758851E-4      0.0010910696521946603    0.005608                 -0.8756663065245827
7.496463952110622E-4      0.001045950249300259     0.005607999999999999     0.8938718372845469
7.496463952110621E-4      0.0011042835826335922    0.005608                 -4.698165990188954
7.912541277462392E-4      0.001059164179739191     0.005608                 -4.483672899774407
4.999999999999999E-4      0.0010833333333333333    0.005608                 4.62265195865524
5.41607732535177E-4       0.0010965472637722655    0.005608                 5.202661287888762
5.83215465070354E-4       0.0011097611942111974    0.005608                 4.18288081817021
6.24823197605531E-4       0.0011229751246501294    0.005608                 1.563310549498419
6.664309301407081E-4      0.0011361890550890615    0.005608                 -2.656049518125844
7.080386626758851E-4      0.0011494029855279937    0.005608                 -8.475199384703092
5.0E-4                    0.0011416666666666667    0.005607999999999999     14.428979687139076
5.41607732535177E-4       0.0011548805971055987    0.005607999999999999     11.412549034507009
5.83215465070354E-4       0.0011680945275445308    0.005608                 6.796328582922641
6.248231976055312E-4      0.0011813084579834628    0.005607999999999999     0.580318332385489
6.664309301407081E-4      0.0011945223884223949    0.005608                 -7.235481717104305
5.0E-4                    0.0012000000000000001    0.005608                 23.658968312956688
5.41607732535177E-4       0.001213213930438932     0.005608                 17.046097678459716
5.832154650703541E-4      0.0012264278608778642    0.005608                 8.833437245009133
6.248231976055312E-4      0.001239641791316796     0.005608                 -0.9790129873935518
5.0E-4                    0.0012583333333333333    0.005608                 32.31261783610876
5.41607732535177E-4       0.0012715472637722654    0.005608                 22.10330721974611
5.832154650703541E-4      0.0012847611942111974    0.005608                 10.294206804430194
5.0E-4                    0.0013166666666666667    0.005607999999999999     40.38992825659528
5.41607732535177E-4       0.0013298805971055988    0.005608                 26.584177658366535
5.0E-4                    0.001375                 0.005608                 47.890899574415585
7.887034264521477E-4      0.0010247127438667066    0.005608                 -6.445783173991696
7.470956939169707E-4      0.0010114988134277746    0.005608                 -0.8104745936966586
7.054879613817937E-4      9.982848829888425E-4     0.005608                 2.382885798353077
6.638802288466167E-4      9.850709525499105E-4     0.005608                 3.134298002156032
6.222724963114395E-4      9.718570221109785E-4     0.005608                 1.4437620177136292
5.806647637762626E-4      9.586430916720464E-4     0.005608                 -2.6887221549748155
5.390570312410855E-4      9.454291612331143E-4     0.005607999999999999     3.079408442258498
7.861527251580562E-4      9.902613079942222E-4     0.005608                 -0.4053195081973966
7.445449926228793E-4      9.770473775552902E-4     0.005608                 1.9360576790261663
7.029372600877022E-4      9.638334471163581E-4     0.005608                 1.8354866780037455
6.613295275525251E-4      9.506195166774261E-4     0.005608                 -0.7070325112645459
6.197217950173481E-4      9.37405586238494E-4      0.005608                 -5.691499888779049
5.78114062482171E-4       9.24191655799562E-4      0.005608                 -1.7372938308580412
7.836020238639648E-4      9.558098721217378E-4     0.005608                 5.058426731395965
7.419942913287879E-4      9.425959416828058E-4     0.005607999999999999     4.105872525547713
7.003865587936107E-4      9.293820112438738E-4     0.005608                 0.7113701314531353
6.587788262584337E-4      9.161680808049417E-4     0.005607999999999999     -5.125080450887085
6.171710937232567E-4      9.029541503660097E-4     0.005607999999999999     -3.550925664741517
7.810513225698734E-4      9.213584362492535E-4     0.005608                 9.945455544787592
7.394435900346963E-4      9.081445058103214E-4     0.005608                 5.698969945867526
6.978358574995193E-4      8.949305753713894E-4     0.005608                 -0.9894638412988672
6.562281249643423E-4      8.817166449324573E-4     0.005608                 -2.3614870593910746
7.78500621275782E-4       8.869070003767691E-4     0.005608                 14.255766931978396
7.368928887406049E-4      8.73693069937837E-4      0.005608                 6.715349939986628
6.952851562054278E-4      8.60479139498905E-4      0.005608                 1.8310219851926313
7.759499199816904E-4      8.524555645042847E-4     0.005608                 17.989360892967696
7.343421874465134E-4      8.392416340653526E-4     0.005607999999999999     9.02660146901014
7.733992186875989E-4      8.180041286318003E-4     0.005608                 19.2252513920602
5.0E-4                    0.0019                   0.005608                 0
5.0E-4                    0.0018416666666666666    0.005608                 -25.53516587372819
5.625000000000001E-4      0.0019                   0.005608                 4.900199052182082E-13
5.625000000000001E-4      0.0018416666666666668    0.005608                 -14.0703235610323
5.0E-4                    0.0017833333333333334    0.005608                 -49.74809712567212
5.625000000000001E-4      0.0017833333333333334    0.005608                 -26.81841250028119
5.0E-4                    0.001725                 0.005608                 -72.63879375583247
5.625000000000001E-4      0.0017250000000000002    0.005608                 -38.24426681774611
5.0E-4                    0.0016666666666666666    0.005608                 -94.2072557642082
5.625000000000001E-4      0.0016666666666666668    0.005608                 -48.3478865134271
5.0E-4                    0.0016083333333333334    0.005608                 -114.45348315080048
5.625000000000001E-4      0.0016083333333333334    0.005608                 -57.129271587323885
5.0E-4                    0.00155                  0.005608                 -133.37747591560847
5.625000000000001E-4      0.0015500000000000002    0.005608                 -64.58842203943628
5.0E-4                    0.0014916666666666667    0.005608                 -150.97923405863227
6.25E-4                   0.0019000000000000002    0.005608                 1.0527542247870446E-12
6.25E-4                   0.0018416666666666668    0.005608                 -2.6054812483367833
6.25E-4                   0.0017833333333333334    0.005608                 -3.888727874890442
6.25E-4                   0.001725                 0.005608                 -3.8497398796599267
6.25E-4                   0.0016666666666666666    0.005608                 -2.4885172626455905
6.25E-4                   0.0016083333333333336    0.005608                 0.19493997615304437
6.875E-4                  0.0019                   0.005608                 1.4056033838790422E-12
6.875E-4                  0.0018416666666666668    0.005608                 8.859361064359032
6.875E-4                  0.0017833333333333334    0.005608                 19.0409567505006
6.875E-4                  0.001725                 0.005608                 30.544787058426284
6.875E-4                  0.0016666666666666666    0.005608                 43.37085198813578
7.5E-4                    0.0019000000000000002    0.005608                 1.8111559474483126E-12
7.5E-4                    0.0018416666666666668    0.005608                 20.324203377054722
7.5E-4                    0.0017833333333333334    0.005608                 41.97064137589136
7.5E-4                    0.001725                 0.005608                 64.93931399651248
8.125000000000001E-4      0.0019000000000000002    0.005608                 2.358748273415763E-12
8.125000000000001E-4      0.0018416666666666668    0.005608                 31.78904568975034
8.125000000000001E-4      0.0017833333333333334    0.005608                 64.90032600128248
8.75E-4                   0.0019                   0.005608                 2.820393307765383E-12
8.75E-4                   0.0018416666666666668    0.005608                 43.253888002446104
9.375E-4                  0.0019000000000000002    0.005608                 3.100743323429815E-12
0.002                     5.0E-4                   0.005608                 34.04211690715629
0.0020625                 5.0E-4                   0.005608                 0
0.002017156487906786      5.581269128531723E-4     0.005608                 79.95993534305993
0.002079656487906786      5.581269128531723E-4     0.005608                 19.86789277158232
0.002125                  5.0E-4                   0.005608                 0
0.002142156487906786      5.581269128531723E-4     0.005608                 4.146633371290363
0.0021875                 5.0E-4                   0.005608                 0
0.002204656487906786      5.581269128531723E-4     0.005608                 -11.574626029001365
0.0022500000000000003     5.0E-4                   0.005608                 0
0.002267156487906786      5.581269128531723E-4     0.005608                 -27.295885429292866
0.0023125000000000003     5.0E-4                   0.005608                 0
0.002329656487906786      5.581269128531723E-4     0.005608                 -43.01714482958448
0.002375                  5.0E-4                   0.005608                 0
0.002392156487906786      5.581269128531723E-4     0.005608                 -58.73840422987632
0.0024375000000000004     5.0E-4                   0.005608                 0
0.002454656487906786      5.581269128531723E-4     0.005608                 -0.7686105030812769
0.0025                    5.0E-4                   0.005608                 57.90885759850107
0.0020343129758135722     6.162538257063446E-4     0.005608                 96.61563434899506
0.0020968129758135723     6.162538257063446E-4     0.005608                 29.11220396996896
0.0021593129758135723     6.162538257063446E-4     0.005608                 -2.3303148306144976
0.002221812975813572      6.162538257063446E-4     0.005608                 -33.77283363119773
0.002284312975813572      6.162538257063446E-4     0.005608                 -65.21535243178141
0.002346812975813572      6.162538257063446E-4     0.005608                 -96.65787123236441
0.002409312975813572      6.162538257063446E-4     0.005608                 -44.79678477939365
0.0020514694637203583     6.74380738559517E-4      0.005608                 101.03027237854059
0.0021139694637203584     6.74380738559517E-4      0.005608                 27.732933595161285
0.002176469463720358      6.74380738559517E-4      0.005608                 -19.430844605714356
0.002238969463720358      6.74380738559517E-4      0.005608                 -66.59462280658863
0.002301469463720358      6.74380738559517E-4      0.005608                 -113.75840100746427
0.002363969463720358      6.74380738559517E-4      0.005608                 -74.17566523043604
0.0020686259516271444     7.325076514126893E-4     0.005608                 93.20384943169324
0.0021311259516271445     7.325076514126893E-4     0.005608                 15.730081647157022
0.0021936259516271445     7.325076514126893E-4     0.005608                 -47.15495595400898
0.002256125951627144      7.325076514126893E-4     0.005608                 -110.03999355517635
0.002318625951627144      7.325076514126893E-4     0.005608                 -88.90525185620857
0.0020857824395339305     7.906345642658616E-4     0.005608                 73.1363655084561
0.0021482824395339306     7.906345642658616E-4     0.005608                 -6.896351874041102
0.00221078243953393       7.906345642658616E-4     0.005608                 -85.50264887549974
0.0022732824395339303     7.906345642658616E-4     0.005608                 -88.985544656711
0.002102938927440716      8.487614771190338E-4     0.005608                 40.827820608826755
0.0021654389274407162     8.487614771190338E-4     0.005608                 -40.14636696843468
0.0022279389274407163     8.487614771190338E-4     0.005608                 -74.41654363194323
0.0021200954153475023     9.068883899722062E-4     0.005608                 -3.7217852671926437
0.0021825954153475023     9.068883899722062E-4     0.005608                 -45.19824878190559
0.0025                    9.083333333333333E-4     0.005608                 31.93776900676164
0.0024546564879067857     9.081269128531722E-4     0.005608                 26.56414781075091
0.002409312975813572      9.079204923730113E-4     0.005608                 21.15724306414586
0.002363969463720358      9.077140718928502E-4     0.005608                 15.71705476694703
0.002318625951627144      9.075076514126893E-4     0.005608                 10.24358291915415
0.0022732824395339303     9.073012309325282E-4     0.005608                 4.736827520767349
0.0022279389274407163     9.070948104523671E-4     0.005608                 -0.8032114282135581
0.0025                    8.5E-4                   0.005608                 46.60859313208039
0.002454656487906786      8.49793579519839E-4      0.005608                 36.53050917093515
0.002409312975813572      8.49587159039678E-4      0.005608                 26.41914165919576
0.002363969463720358      8.493807385595169E-4     0.005608                 16.2744905968623
0.002318625951627144      8.491743180793559E-4     0.005608                 6.096555983934877
0.0022732824395339303     8.489678975991949E-4     0.005608                 -4.114662179586503
0.0025                    7.916666666666666E-4     0.005608                 60.38342570087548
0.002454656487906786      7.914602461865055E-4     0.005608                 45.600878974595844
0.002409312975813572      7.912538257063447E-4     0.005608                 30.785048697722004
0.002363969463720358      7.910474052261836E-4     0.005608                 15.9359348702543
0.002318625951627144      7.908409847460225E-4     0.005608                 1.0535374921923903
0.0025                    7.333333333333333E-4     0.005608                 73.26226671314816
0.002454656487906786      7.331269128531724E-4     0.005608                 53.775257221733796
0.002409312975813572      7.329204923730113E-4     0.005608                 34.25496417972522
0.002363969463720358      7.327140718928503E-4     0.005608                 14.701387587122554
0.0025                    6.75E-4                  0.005608                 85.24511616889663
0.002454656487906786      6.747935795198389E-4     0.005608                 61.05364391234741
0.002409312975813572      6.74587159039678E-4      0.005608                 36.82888810520478
0.0025                    6.166666666666666E-4     0.005608                 96.33197406812133
0.002454656487906786      6.164602461865056E-4     0.005608                 67.4360390464383
0.0025                    5.583333333333333E-4     0.005608                 106.52284041082328
0.0015                    0.0018999999999999998    0.005608                 -117.00295092495566
0.0015086518436101498     0.001837649416529337     0.005608                 -214.3612431911801
0.0015625                 0.0019                   0.005608                 7.134565951380315E-12
0.0015711518436101499     0.001837649416529337     0.005608                 -52.51105500714887
0.0015173036872202998     0.0017752988330586744    0.005608                 -244.1685063111534
0.0015798036872202996     0.0017752988330586742    0.005608                 -96.70253016800834
0.0015259555308304493     0.0017129482495880114    0.005608                 -264.92621574734903
0.0015884555308304494     0.0017129482495880117    0.005608                 -132.57442548256694
0.001534607374440599      0.0016505976661173487    0.005608                 -276.6343714997663
0.0015971073744405994     0.0016505976661173487    0.005608                 -160.12674095082832
0.001543259218050749      0.001588247082646686     0.005608                 -279.2929735684042
0.0016057592180507491     0.001588247082646686     0.005608                 -179.3594765727883
0.0015519110616608986     0.0015258964991760233    0.005608                 -272.9020219532643
0.0016144110616608987     0.0015258964991760233    0.005608                 -190.27263234845196
0.0015605629052710486     0.0014635459157053606    0.005608                 -257.4615166543471
0.0016250000000000001     0.0018999999999999998    0.005608                 9.603743111625878E-12
0.00163365184361015       0.0018376494165293369    0.005608000000000001     -20.662487663833637
0.0016423036872202997     0.0017752988330586744    0.005608                 -33.00539548137631
0.0016509555308304494     0.0017129482495880119    0.005608                 -37.028723452619815
0.0016596073744405992     0.001650597666117349     0.005608                 -32.73247157756347
0.001668259218050749      0.001588247082646686     0.005608000000000001     -20.11663985620769
0.0016875000000000002     0.0018999999999999998    0.005608000000000001     9.29903913286125E-12
0.00169615184361015       0.001837649416529337     0.005608000000000001     11.186079679484314
0.0017048036872203        0.0017752988330586744    0.005608                 30.69173920525644
0.0017134555308304495     0.0017129482495880117    0.005608                 58.51697857732992
0.0017221073744405995     0.001650597666117349     0.005608000000000001     94.66179779570069
0.0017500000000000003     0.0019                   0.005608000000000001     7.459961988225199E-12
0.00175865184361015       0.0018376494165293373    0.005608000000000001     43.03464702279919
0.0017673036872202998     0.0017752988330586744    0.005608000000000001     94.38887389188932
0.0017759555308304495     0.0017129482495880119    0.005608000000000001     154.06268060727726
0.0018125000000000003     0.0019000000000000002    0.005608000000000001     8.758254522014987E-12
0.00182115184361015       0.0018376494165293373    0.005608000000000001     74.88321436611372
0.0018298036872202998     0.0017752988330586746    0.005608000000000001     158.08600857852088
0.0018750000000000004     0.0019                   0.005608000000000002     8.321781998925917E-12
0.0018836518436101501     0.0018376494165293373    0.005608000000000002     106.73178170943083
0.0019375000000000004     0.0019000000000000002    0.005608000000000002     5.625967204103075E-12
0.0010625                 0.0019000000000000002    0.005608                 -7.2246712356554E-12
0.0010736939302428926     0.0018400230765125499    0.005608                 -40.436928916444685
0.0010848878604857851     0.0017800461530250995    0.005608                 -70.95430739755466
0.0010960817907286777     0.0017200692295376492    0.005608                 -91.55213544333765
0.0011072757209715704     0.0016600923060501988    0.005608                 -102.2304130537932
0.001118469651214463      0.0016001153825627485    0.005608                 -102.9891402289204
0.0011296635814573555     0.0015401384590752985    0.005608                 -93.82831696871881
0.001140857511700248      0.0014801615355878482    0.005608                 59.866841484843576
0.0011250000000000001     0.0019                   0.005608                 -7.854070806808089E-12
0.0011361939302428925     0.0018400230765125499    0.005608                 -10.871094517087386
0.0011473878604857852     0.0017800461530250995    0.005608                 -11.822638598840058
0.001158581790728678      0.0017200692295376492    0.005608                 -2.8546322452657478
0.0011697757209715703     0.001660092306050199     0.005608                 16.032924543638728
0.001180969651214463      0.0016001153825627487    0.005608                 44.84003176787064
0.0011921635814573556     0.0015401384590752983    0.005608                 180.69387836926967
0.0011875000000000002     0.0019000000000000002    0.005608                 -7.852533190244963E-12
0.0011986939302428927     0.0018400230765125499    0.005608                 18.69473988226946
0.0012098878604857853     0.0017800461530250995    0.005608                 47.309030199875906
0.0012210817907286778     0.0017200692295376492    0.005608                 85.84287095280888
0.0012322757209715703     0.0016600923060501988    0.005608                 134.29626214107066
0.001243469651214463      0.0016001153825627485    0.005608                 250.03708067925436
0.00125                   0.0019                   0.005608                 -8.057053820202224E-12
0.0012611939302428926     0.0018400230765125496    0.005608                 48.260574281627214
0.0012723878604857853     0.0017800461530250995    0.005608                 106.44069899859142
0.0012835817907286778     0.0017200692295376492    0.005608                 174.54037415088214
0.0012947757209715704     0.0016600923060501988    0.005608                 267.8964484147982
0.0013124999999999999     0.0018999999999999998    0.005608                 -8.570609480747146E-12
0.0013236939302428926     0.0018400230765125494    0.005608                 77.82640868098451
0.0013348878604857852     0.0017800461530250993    0.005608                 165.57236779730556
0.0013460817907286777     0.001720069229537649     0.005608                 234.27198157590146
0.0013750000000000001     0.0018999999999999998    0.005608                 -9.434723551715936E-12
0.0013861939302428927     0.0018400230765125496    0.005608                 107.3922430803425
0.0013973878604857854     0.0017800461530250993    0.005608                 149.1636801625632
0.0014375                 0.0019                   0.005608                 -9.502322399393191E-12
0.0014486939302428927     0.0018400230765125496    0.005608                 12.57154417478273
0.0015006049919037913     0.001465919575688573     0.005608                 -64.67344559234493
0.0014919531482936418     0.0015282701591592357    0.005608                 -96.97918831845254
0.001483301304683492      0.0015906207426298984    0.005608                 -119.50540352330427
0.001474649461073342      0.0016529713261005613    0.005608                 -132.2520912068967
0.0014659976174631923     0.0017153219095712238    0.005608                 -135.21925136923346
0.0014573457738530425     0.0017776724930418867    0.005608                 -128.4068840103134
0.0014406470785365342     0.0014682932356717853    0.005608                 -27.73029357496273
0.0014319952349263845     0.0015306438191424483    0.005608                 -27.018625156664257
0.0014233433913162347     0.0015929944026131112    0.005608                 -16.527429217107965
0.001414691547706085      0.0016553449860837737    0.005608                 3.743294243704838
0.0014060397040959348     0.0017176955695544364    0.005608                 33.79354522577523
0.001380689165169277      0.001470666895654998     0.005608                 11.712602424481474
0.0013720373215591272     0.0015330174791256608    0.005608                 45.44168198718677
0.0013633854779489774     0.0015953680625963235    0.005608                 88.9502890711492
0.0013547336343388277     0.0016577186460669862    0.005608                 142.23842367637008
0.0013207312518020197     0.0014730405556382105    0.005608                 53.65524240598776
0.00131207940819187       0.0015353911391088734    0.005608                 120.40173311309968
0.0013034275645817201     0.001597741722579536     0.005608                 196.9277513414695
0.0012607733384347626     0.001475414215621423     0.005608                 98.097626369556
0.0012521214948246128     0.0015377647990920857    0.005608                 197.86152822107488
0.0012008154250675053     0.0014777878756046356    0.005608                 145.03975431518575
0.00207785585493904       9.554426272156001E-4     0.005608                 -51.355165481927585
0.0020606993670322545     8.973157143624278E-4     0.005608                 -2.826890125856721
0.0020184598066237923     9.458699516058216E-4     0.005608                 -6.595745006314999
0.002001303318717006      8.877430387526494E-4     0.005608                 19.816097370816465
0.0019590637583085445     9.362972759960433E-4     0.005608                 29.945886386434452
0.0019419072704017582     8.78170363142871E-4      0.005608                 34.456539789619285
0.0018996677099932962     9.267246003862649E-4     0.005608                 58.269728696321316
0.0018825112220865103     8.685976875330926E-4     0.005608                 41.094437130550546
0.0018402716616780482     9.171519247764865E-4     0.005608                 78.37578192334526
0.001823115173771262      8.590250119233141E-4     0.005608                 39.729789393607916
0.0017808756133628001     9.07579249166708E-4      0.005608                 90.26404606750667
0.0017637191254560142     8.494523363135357E-4     0.005608                 30.36259657879509
0.0017214795650475523     8.980065735569295E-4     0.005608                 93.93452112880503
0.0017043230771407662     8.398796607037573E-4     0.005608                 51.563608901099556
0.0016620835167323043     8.884338979471512E-4     0.005608                 36.089630556361534
0.0020435428791254684     8.391888015092554E-4     0.005608                 32.68242540066615
0.00198414683081022       8.29616125899477E-4      0.005608                 29.887853939119054
0.0019247507824949723     8.200434502896985E-4     0.005608                 19.090737399702903
0.0018653547341797242     8.104707746799202E-4     0.005608                 0.2910757824133725
0.0018059586858644762     8.008980990701418E-4     0.005608                 -26.511130912748115
0.0017465626375492282     7.913254234603634E-4     0.005608                 -40.06412845545618
0.0020263863912186823     7.810618886560832E-4     0.005608                 54.33320054760213
0.001966990342903434      7.714892130463048E-4     0.005608                 26.101070127835555
0.0019075942945881862     7.619165374365263E-4     0.005608                 -10.133605369801558
0.0018481982462729381     7.523438618267479E-4     0.005608                 -54.370825945311594
0.00178880219795769       7.427711862169695E-4     0.005608                 -101.17311686175016
0.002009229903311896      7.229349758029109E-4     0.005608                 62.12543531494782
0.0019498338549966481     7.133623001931324E-4     0.005608                 8.455745936964718
0.0018904378066814        7.03789624583354E-4      0.005608                 -53.21648851889222
0.0018310417583661523     6.942169489735756E-4     0.005608                 -131.7633563177783
0.00199207341540511       6.648080629497385E-4     0.005608                 56.05912970271186
0.0019326773670898622     6.552353873399601E-4     0.005608                 -23.048118633493345
0.001873281318774614      6.456627117301817E-4     0.005608                 -131.83484682354594
0.001974916927498324      6.066811500965662E-4     0.005608                 36.13428371088651
0.0019155208791830762     5.971084744867878E-4     0.005608                 -101.3875883790487
0.001957760439591538      5.485542372433939E-4     0.005608                 -40.42158098428807
0.001650474920750916      9.525290772330944E-4     0.005608                 -111.98721635378524
0.0016027397430862348     8.92680978185966E-4      0.005608                 -67.02290925642129
0.0015911311471048465     9.567761574719094E-4     0.005608                 -104.37337954432587
0.0016388663247695278     0.0010166242565190378    0.005608                 -149.75004884434566
0.0015795225511234584     0.0010208713367578527    0.005608                 -133.60185722429424
0.0016272577287881394     0.0010807194358049812    0.005608                 -174.37218390952103
0.0015679139551420702     0.0010849665160437962    0.005608                 -149.36080885991578
0.0016156491328067513     0.0011448146150909244    0.005608                 -185.8536215493109
0.001556305359160682      0.0011490616953297394    0.005608                 -151.65023445118914
0.001604040536825363      0.0012089097943768677    0.005608                 -184.19436176371596
0.0015446967631792938     0.0012131568746156828    0.005608                 -140.4701339981193
0.0015924319408439748     0.0012730049736628113    0.005608                 -169.3944045527344
0.0015330881671979054     0.0012772520539016262    0.005608                 -115.82050750070084
0.0015808233448625867     0.0013371001529487545    0.005608                 -141.45374991636766
0.0015433959694401657     8.96928058424781E-4      0.005608                 -65.75851990153696
0.001531787373458777      9.610232377107242E-4     0.005608                 -70.60671816654394
0.001520178777477389      0.0010251184169966677    0.005608                 -65.36478185938358
0.0015085701814960008     0.0010892135962826109    0.005608                 -46.65331950787913
0.0014969615855146127     0.0011533087755685543    0.005608                 -14.472331112024222
0.0014853529895332246     0.0012174039548544975    0.005608                 31.178183328173873
0.0014840521957940962     9.01175138663596E-4      0.005608                 -60.02504005882835
0.0014724435998127081     9.652703179495392E-4     0.005608                 -32.33103392555313
0.0014608350038313198     0.0010293654972354826    0.005608                 7.381316368734588
0.0014492264078499316     0.0010934606765214258    0.005608                 60.56319270736731
0.0014376178118685433     0.0011575558558073692    0.005608                 127.21459509034685
0.0014247084221480268     9.054222189024108E-4     0.005608                 -49.82246972829165
0.0014130998261666387     9.695173981883541E-4     0.005608                 10.453673178646568
0.0014014912301852506     0.0010336125774742973    0.005608                 84.63643746005982
0.0013898826342038622     0.0010977077567602407    0.005608                 172.28872778582263
0.0013653646485019574     9.096692991412256E-4     0.005608                 -35.15080890992985
0.0013537560525205693     9.73764478427169E-4      0.005608                 57.74740314605515
0.0013421474565391812     0.0010378596577131122    0.005608                 166.4005814145985
0.0013060208748558882     9.139163793800406E-4     0.005608                 -16.01005760374018
0.0012944122788745        9.78011558665984E-4      0.005608                 109.55015597667216
0.001246677101209819      9.181634596188554E-4     0.005608                 7.599784190273894
0.0019012362366078108     0.0012086840128934578    0.005608                 51.30365699656022
0.001855462966358493      0.0012270291757585001    0.005608                 46.963818343513104
0.0018096896961091753     0.0012453743386235424    0.005608                 8.952476298777356
0.0017639164258598575     0.001263719501488585     0.005608                 -14.926984980063025
0.0017181431556105397     0.0012820646643536273    0.005608                 -24.67456549300823
0.0016723698853612222     0.0013004098272186696    0.005608                 -20.29026524005667
0.0016265966151119042     0.0013187549900837122    0.005608                 -1.7740842212065218
0.0018670715623398814     0.001162933996472557     0.005608                 119.31330077581583
0.0018212982920905634     0.001181279159337599     0.005608                 89.3239067719054
0.0017755250218412458     0.0011996243222026416    0.005608                 38.923645254820826
0.001729751751591928      0.001217969485067684     0.005608                 2.6552645036319973
0.0016839784813426103     0.0012363146479327262    0.005608                 -19.481235481660406
0.0016382052110932926     0.0012546598107977688    0.005608                 -27.485854701058088
0.0018329068880719515     0.0011171839800516558    0.005608                 162.1327465138006
0.001787133617822634      0.0011355291429166981    0.005608                 105.58614429613033
0.0017413603475733164     0.0011538743057817407    0.005608                 42.796963306695716
0.0016955870773239985     0.001172219468646783     0.005608                 -5.860336916842243
0.001649813807074681      0.0011905646315118253    0.005608                 -40.38575637448503
0.001798742213804022      0.001071433963630755     0.005608                 179.76199421051138
0.0017529689435547046     0.0010897791264957973    0.005608                 95.75053091618327
0.0017071956733053866     0.0011081242893608398    0.005608                 20.57243045440123
0.001661422403056069      0.0011264694522258821    0.005608                 -40.473789241485974
0.0017645775395360927     0.001025683947209854     0.005608                 172.2010438659529
0.001718804269286775      0.0010440291100748964    0.005608                 59.817066632068304
0.0016730309990374572     0.001062374272939939     0.005608                 -27.74995330206366
0.0017304128652681633     9.79933930788953E-4      0.005608                 139.449895480122
0.0016846395950188453     9.982790936539955E-4     0.005608                 -2.2142485562150114
0.0016962481910002337     9.341839143680521E-4     0.005608                 81.50854905301856
0.0019264676106551294     0.0011725066720823353    0.005608                 -42.222299454273525
0.0018923029363871998     0.0011267566556614345    0.005608                 37.45756102208952
0.0018581382621192701     0.0010810066392405334    0.005608                 92.85487632007835
0.0018239735878513407     0.0010352566228196325    0.005608                 123.9696464396934
0.0017898089135834113     9.895066063987316E-4     0.005608                 130.80187138093333
0.0017556442393154817     9.437565899778305E-4     0.005608                 113.3515511438004
0.0019516989847024476     0.0011363293312712127    0.005608                 -75.27619801981427
0.0019175343104345182     0.0010905793148503118    0.005608                 2.8132432751431224
0.0018833696361665888     0.0010448292984294107    0.005608                 56.62013939172539
0.0018492049618986594     9.990792820085098E-4     0.005608                 86.14449032993434
0.0018150402876307295     9.53329265587609E-4      0.005608                 91.38629608976953
0.001976930358749766      0.0011001519904600902    0.005608                 -95.66142285764681
0.0019427656844818368     0.001054401974039189     0.005608                 -19.16240074409461
0.0019086010102139072     0.0010086519576182882    0.005608                 33.05407619108155
0.0018744363359459778     9.629019411973873E-4     0.005608                 60.98800794788394
0.002002161732797085      0.0010639746496489677    0.005608                 -103.37797396777023
0.0019679970585291555     0.0010182246332280666    0.005608                 -28.469371035624135
0.0019338323842612258     9.724746168071658E-4     0.005608                 22.156686718145465
0.0020273931068444033     0.001027797308837845     0.005608                 -98.42585135018498
0.001993228432576474      9.820472924169442E-4     0.005608                 -25.107667599445676
0.0020526244808917217     9.916199680267226E-4     0.005608                 -80.80505500489039
0.0010625000000000003     5.0E-4                   0.005607999999999999     -1.8612918738966815E-12
0.0010859166659454688     5.528013174822088E-4     0.005608                 50.72487884368721
0.0011250000000000001     5.0E-4                   0.005608                 -1.9894782819510785E-12
0.0011484166659454687     5.528013174822087E-4     0.005608                 24.240992565028066
0.0011875000000000002     5.0E-4                   0.005607999999999999     -2.104069438784302E-12
0.0012109166659454687     5.528013174822087E-4     0.005608                 -2.2428937136319824
0.00125                   5.0E-4                   0.005608                 -2.205065344396353E-12
0.0012734166659454688     5.528013174822087E-4     0.005608                 -28.726779992290894
0.0013124999999999999     5.0E-4                   0.005608                 -2.2924659987872316E-12
0.0013359166659454686     5.528013174822087E-4     0.005608                 -55.21066627095048
0.001375                  4.999999999999999E-4     0.005607999999999999     -2.3662714019569374E-12
0.0013984166659454687     5.528013174822087E-4     0.005608                 -81.69455254960985
0.0014375                 4.999999999999999E-4     0.005608                 -2.426481553905469E-12
0.0014609166659454685     5.528013174822087E-4     0.005608                 -42.09271397452902
0.0014999999999999998     4.999999999999999E-4     0.005608                 55.34402138033237
0.0011093333318909376     6.056026349644176E-4     0.005608                 82.47972137964811
0.0011718333318909376     6.056026349644176E-4     0.005608                 29.511948822329828
0.0012343333318909375     6.056026349644175E-4     0.005608                 -23.45582373498936
0.0012968333318909373     6.056026349644175E-4     0.005608                 -76.42359629230808
0.0013593333318909374     6.056026349644175E-4     0.005608                 -129.3913688496259
0.0014218333318909374     6.056026349644174E-4     0.005608                 -132.10348548662498
0.0011327499978364061     6.584039524466265E-4     0.005607999999999999     95.26452760788179
0.0011952499978364062     6.584039524466263E-4     0.005608                 15.812868771902565
0.0012577499978364062     6.584039524466263E-4     0.005607999999999999     -63.63879006407394
0.001320249997836406      6.584039524466263E-4     0.005608                 -143.0904489000509
0.001382749997836406      6.584039524466263E-4     0.005608                 -187.0162824657909
0.0011561666637818749     7.112052699288352E-4     0.005608                 89.07929752838828
0.0012186666637818747     7.112052699288352E-4     0.005608                 -16.856247586251
0.0012811666637818748     7.11205269928835E-4      0.005608                 -122.79179270088756
0.0013436666637818748     7.11205269928835E-4      0.005608                 -206.8311049120268
0.0011795833297273436     7.640065874110439E-4     0.005608                 63.92403114116391
0.0012420833297273435     7.640065874110439E-4     0.005608                 -68.49540025213179
0.0013045833297273433     7.640065874110439E-4     0.005608                 -191.54795282533198
0.0012029999956728122     8.168079048932528E-4     0.005608                 19.79872844621324
0.0012654999956728122     8.168079048932528E-4     0.005608                 -141.16682620570506
0.001226416661618281      8.696092223754615E-4     0.005608                 -55.68772505314938
0.0015624999999999999     4.999999999999999E-4     0.005608                 2.390774798274743E-12
0.001520260439591538      5.485542372433938E-4     0.005608                 141.81471649529328
0.001582760439591538      5.485542372433938E-4     0.005608                 62.28014832895238
0.001625                  4.999999999999999E-4     0.005608                 2.3365899471501958E-12
0.001645260439591538      5.485542372433939E-4     0.005608                 38.03444705611886
0.0016874999999999998     5.0E-4                   0.005608                 2.268870107379E-12
0.001707760439591538      5.485542372433939E-4     0.005608                 13.788745783284647
0.0017499999999999998     5.0E-4                   0.005608                 2.187615278961155E-12
0.0017702604395915381     5.485542372433939E-4     0.005608                 -10.456955489549502
0.0018124999999999999     5.0E-4                   0.005608                 2.092825461896661E-12
0.001832760439591538      5.485542372433939E-4     0.005608                 -34.70265676238331
0.001875                  5.0E-4                   0.005608                 1.9845006561855187E-12
0.001895260439591538      5.485542372433939E-4     0.005608                 -58.948358035217296
0.0019375                 5.0E-4                   0.005608                 1.862640861827727E-12
0.001540520879183076      5.971084744867877E-4     0.005608                 183.70482461761668
0.0016030208791830759     5.971084744867878E-4     0.005608                 108.09235955378105
0.001665520879183076      5.971084744867878E-4     0.005608                 59.60095700811309
0.001728020879183076      5.971084744867878E-4     0.005608                 11.109554462445061
0.001790520879183076      5.971084744867878E-4     0.005608                 -37.381848083222835
0.001853020879183076      5.971084744867878E-4     0.005608                 -85.87325062889079
0.001560781318774614      6.456627117301817E-4     0.005608                 208.68635643746865
0.0016232813187746142     6.456627117301817E-4     0.005608                 137.43663367448715
0.0016857813187746143     6.456627117301817E-4     0.005608                 64.69952985598543
0.0017482813187746139     6.456627117301817E-4     0.005608                 -8.03757396251628
0.001810781318774614      6.456627117301817E-4     0.005608                 -80.774677781018
0.001581041758366152      6.942169489735756E-4     0.005608                 216.75931195485182
0.001643541758366152      6.942169489735756E-4     0.005608                 150.31297069107134
0.0017060417583661521     6.942169489735756E-4     0.005608                 53.330165599735295
0.0017685417583661522     6.942169489735756E-4     0.005608                 -43.65263949160005
0.00160130219795769       7.427711862169695E-4     0.005608                 207.92369116976369
0.00166380219795769       7.427711862169695E-4     0.005608                 146.72137060353387
0.00172630219795769       7.427711862169695E-4     0.005608                 25.49286423936419
0.001621562637549228      7.913254234603634E-4     0.005608                 182.17949408220562
0.001684062637549228      7.913254234603634E-4     0.005608                 126.66183341187353
0.0016418230771407662     8.398796607037572E-4     0.005608                 139.5267206921783
0.0015824793034946967     8.441267409425721E-4     0.005608                 -6.556588537226958
0.0015231355298486275     8.48373821181387E-4      0.005608                 -27.883192320437672
0.0014637917562025581     8.526209014202019E-4     0.005608                 -44.78063799120423
0.0014044479825564887     8.568679816590169E-4     0.005608                 -57.24892554952703
0.0013451042089104195     8.611150618978317E-4     0.005608                 -65.28805499540636
0.0012857604352643501     8.653621421366467E-4     0.005608                 -68.8980263288422
0.0015622188639031586     7.955725036991783E-4     0.005608                 41.90805011755856
0.0015028750902570894     7.998195839379931E-4     0.005608                 -3.9776887679748256
0.00144353131661102       8.04066664176808E-4      0.005608                 -45.43426954106366
0.0013841875429649508     8.08313744415623E-4      0.005608                 -82.46169220170941
0.0013248437693188814     8.125608246544379E-4     0.005608                 -115.05995674991118
0.001541958424311621      7.470182664557843E-4     0.005608                 73.02347327152415
0.0014826146506655515     7.512653466945992E-4     0.005608                 2.5785992836703713
0.0014232708770194821     7.555124269334141E-4     0.005608                 -63.4371165917421
0.0013639271033734127     7.59759507172229E-4      0.005608                 -125.02367435470933
0.0015216979847200826     6.984640292123905E-4     0.005608                 86.78968092467426
0.0014623542110740132     7.027111094512053E-4     0.005608                 -8.21432816550356
0.001403010437427944      7.069581896900202E-4     0.005608                 -98.78917914323802
0.0015014375451285447     6.499097919689965E-4     0.005608                 83.20667307700558
0.0014420937714824753     6.541568722078114E-4     0.005608                 -36.3564711154952
0.0014811771055370066     6.013555547256026E-4     0.005608                 62.274449728515776
7.73399218687599E-4       7.596707952984669E-4     0.005608                 38.70335342118599
7.343421874465134E-4      7.809083007320192E-4     0.005608                 23.96248739176253
6.952851562054278E-4      8.021458061655718E-4     0.005608                 16.72744324658102
6.562281249643423E-4      8.233833115991239E-4     0.005608                 11.929342808170649
6.171710937232567E-4      8.446208170326762E-4     0.005608                 9.568186076530921
5.781140624821711E-4      8.658583224662288E-4     0.005608                 9.643973051661634
5.390570312410855E-4      8.870958278997809E-4     0.005608                 12.15670373356313
4.999999999999999E-4      9.083333333333333E-4     0.005607999999999999     17.106378122235355
7.343421874465134E-4      7.225749673986859E-4     0.005608                 52.034495866237414
6.952851562054278E-4      7.438124728322384E-4     0.005608                 26.08152109117357
6.562281249643423E-4      7.650499782657906E-4     0.005608                 18.017507727061385
6.171710937232566E-4      7.862874836993429E-4     0.005608                 12.390438069719714
5.781140624821711E-4      8.075249891328953E-4     0.005608                 9.200312119148627
5.390570312410856E-4      8.287624945664477E-4     0.005608                 8.44712987534821
4.999999999999999E-4      8.5E-4                   0.005608                 10.13089133831852
6.952851562054278E-4      6.85479139498905E-4      0.005608                 58.10146782422564
6.562281249643423E-4      7.067166449324573E-4     0.005608                 23.66136645460049
6.171710937232567E-4      7.279541503660096E-4     0.005607999999999999     14.768383871556722
5.781140624821711E-4      7.49191655799562E-4      0.005608                 8.312344995283635
5.390570312410856E-4      7.704291612331143E-4     0.005607999999999999     4.293249825781304
5.0E-4                    7.916666666666666E-4     0.005607999999999999     2.7110983630493592
6.562281249643423E-4      6.48383311599124E-4      0.005608                 56.904269295150485
6.171710937232567E-4      6.696208170326763E-4     0.005608                 16.702023482041852
5.781140624821711E-4      6.908583224662287E-4     0.005608                 6.980071680066887
5.390570312410856E-4      7.12095827899781E-4      0.005608                 -0.30493641513769976
5.0E-4                    7.333333333333333E-4     0.005608                 -5.153000803571331
6.171710937232567E-4      6.11287483699343E-4      0.005608                 48.442900279011525
5.781140624821711E-4      6.325249891328954E-4     0.005608                 5.203492173498181
5.390570312410856E-4      6.537624945664477E-4     0.005608                 -5.347428847408233
5.0E-4                    6.75E-4                  0.005608                 -13.461406161543437
5.781140624821711E-4      5.741916557995619E-4     0.005608                 32.717360775809134
5.390570312410856E-4      5.954291612331143E-4     0.005608                 -10.834227471030493
5.0E-4                    6.166666666666666E-4     0.005607999999999999     -22.21411771086855
5.390570312410856E-4      5.37095827899781E-4      0.005608                 9.727650785543053
5.0E-4                    5.583333333333333E-4     0.005608                 -31.411135451544965
5.0E-4                    5.0E-4                   0.005608                 -20.526229691786284
7.968421874465134E-4      7.22574967398686E-4      0.005608                 12.601438877036657
7.577851562054279E-4      6.85479139498905E-4      0.005608                 35.47408065955274
7.187281249643422E-4      6.483833115991241E-4     0.005608                 48.35756980392574
6.796710937232567E-4      6.11287483699343E-4      0.005608                 51.25190631015766
6.406140624821711E-4      5.741916557995619E-4     0.005608                 44.157090178246825
6.015570312410856E-4      5.370958278997811E-4     0.005608                 27.073121408194417
5.625000000000001E-4      5.0E-4                   0.005608                 0
8.20285156205428E-4       6.854791394989051E-4     0.005608                 -10.263481584931966
7.812281249643424E-4      6.48383311599124E-4      0.005607999999999999     11.767520008338511
7.421710937232568E-4      6.11287483699343E-4      0.005607999999999999     23.80936896346691
7.031140624821713E-4      5.741916557995619E-4     0.005607999999999999     25.86206528045333
6.640570312410857E-4      5.37095827899781E-4      0.005608                 17.925608959297676
6.250000000000001E-4      5.0E-4                   0.005607999999999999     0
8.437281249643424E-4      6.48383311599124E-4      0.005608                 -24.82252978724901
8.046710937232569E-4      6.11287483699343E-4      0.005608                 -3.6331683832236923
7.656140624821713E-4      5.741916557995619E-4     0.005608                 7.567040382659556
7.265570312410857E-4      5.370958278997811E-4     0.005608                 8.778096510400806
6.875000000000002E-4      5.0E-4                   0.005608                 0
8.671710937232568E-4      6.11287483699343E-4      0.005608                 -31.07570572991441
8.281140624821713E-4      5.741916557995619E-4     0.005608                 -10.727984515134136
7.890570312410857E-4      5.37095827899781E-4      0.005608                 -0.36941593849607446
7.500000000000001E-4      5.0E-4                   0.005608                 0
8.906140624821712E-4      5.741916557995619E-4     0.005607999999999999     -29.023009412927884
8.515570312410856E-4      5.37095827899781E-4      0.005607999999999999     -9.516928387392962
8.125000000000001E-4      5.0E-4                   0.005607999999999999     0
9.140570312410858E-4      5.37095827899781E-4      0.005608                 -18.664440836289824
8.750000000000002E-4      5.0E-4                   0.005608                 0
9.375000000000002E-4      5.0E-4                   0.005607999999999999     0
