% Model:              stripline_filter_simple_decomp_new_mesh.mph
% Version:            COMSOL 6.1.0.252
% Date:               May 4 2023, 12:49
% Dimension:          3
% Nodes:              953
% Expressions:        1
% Description:        Surface
% X                       Y                        Z                        imag(emw.Ey)
0.0019354009108757384     0.0012544340293143602    0.010508                 -3068.256854729018
0.001960632284923057      0.0012182566885032373    0.010508                 -2964.3908404013537
0.0020059757970162712     0.0012767964423167318    0.010508                 -2737.631011463005
0.0020312071710635897     0.001240619101505609     0.010508                 -2630.860763150704
0.0019858636589703753     0.0011820793476921144    0.010508                 -2855.3357365072898
0.0020564385451109076     0.001204441760694486     0.010508000000000002     -2513.094585366698
0.0020110950330176937     0.0011459020068809915    0.010508                 -2743.0690490308025
0.0020816699191582265     0.0011682644198833631    0.010508                 -2392.8867819528223
0.002036326407065012      0.0011097246660698686    0.010508                 -2627.5907779718927
0.002106901293205545      0.0011320870790722402    0.010508                 -2270.237352909076
0.0020615577811123305     0.0010735473252587457    0.010508                 -2508.9009233305596
0.002132132667252863      0.0010959097382611173    0.010508000000000002     -2145.1462982354597
0.002086789155159649      0.0010373699844476228    0.010508                 -2386.999485106804
0.0021573640413001817     0.0010597323974499947    0.010508                 -2017.6136179319742
0.0021120205292069674     0.0010011926436365       0.010508                 -2261.886463300626
0.0021825954153475        0.0010235550566388718    0.010508                 -1888.6462541727687
0.0021372519032542858     9.650153028253771E-4     0.010508                 -2135.2213923972877
0.002076550683156804      0.0012991588553191034    0.010508                 -2401.4712425752036
0.002101782057204122      0.0012629815145079808    0.010508                 -2282.5849157913053
0.002127013431251441      0.0012268041736968579    0.010508                 -2158.639127715401
0.0021522448052987593     0.0011906268328857347    0.010508                 -2032.2517140096272
0.0021774761793460777     0.001154449492074612     0.010508                 -1903.4226746739841
0.0022027075533933957     0.0011182721512634892    0.010508                 -1772.1520097084708
0.0022279389274407146     0.0010820948104523663    0.010508                 -1636.3304611071617
0.0021471255692973364     0.0013215212683214753    0.010508                 -2049.562899414107
0.002172356943344655      0.0012853439275103524    0.010508                 -1918.8418168160338
0.0021975883173919733     0.0012491665866992295    0.010508                 -1788.716418448233
0.0022228196914392917     0.0012129892458881066    0.010508                 -1656.1493944505617
0.00224805106548661       0.0011768119050769837    0.010508                 -1521.1407448230211
0.0022732824395339285     0.0011406345642658608    0.010508                 -1378.820095814698
0.0022177004554378692     0.0013438836813238469    0.010508                 -1681.9059819797164
0.0022429318294851877     0.001307706340512724     0.010508                 -1539.6314662248924
0.002268163203532506      0.001271528999701601     0.010508                 -1403.3264575651933
0.0022933945775798245     0.0012353516588904782    0.010508                 -1264.5798232756247
0.002318625951627143      0.0011991743180793553    0.010508                 -1116.1151582953762
0.002288275341578402      0.0013662460943262185    0.010508                 -1298.5004902720311
0.0023135067156257205     0.0013300687535150956    0.010508                 -1144.9538640178794
0.002338738089673039      0.0012938914127039727    0.010508                 -1002.4692450662828
0.0023639694637203573     0.0012577140718928498    0.010508                 -848.2156485491973
0.0023588502277189344     0.00138860850732859      0.010508                 -899.3464242910512
0.002384081601766253      0.0013524311665174672    0.010508                 -734.8090101949949
0.0024093129758135713     0.0013162538257063443    0.010508                 -575.1215665761611
0.0024294251138594677     0.0014109709203309617    0.010508                 -484.4437840367764
0.002454656487906786      0.0013747935795198388    0.010508                 -296.83291237626736
0.0025                    0.0014333333333333333    0.010508                 -26.896284754603908
0.001901236236607809      0.0012086840128934593    0.010508                 -3207.1965780623304
0.0019264676106551274     0.0011725066720823364    0.010508                 -3093.713586284361
0.0018670715623398796     0.0011629339964725584    0.010508                 -3319.861753414554
0.0018923029363871978     0.0011267566556614355    0.010508000000000002     -3214.884061095322
0.0018329068880719498     0.0011171839800516578    0.010508                 -3424.5246485902444
0.0018581382621192684     0.0010810066392405347    0.010508                 -3328.62374634136
0.0017987422138040204     0.001071433963630757     0.010508                 -3521.1852635894015
0.001823973587851339      0.0010352566228196338    0.010508                 -3434.9326420224725
0.001764577539536091      0.001025683947209856     0.010508                 -3609.843598412025
0.0017898089135834092     9.895066063987331E-4     0.010508000000000002     -3533.8107481386605
0.0017304128652681616     9.799339307889551E-4     0.010508                 -3690.4996530581147
0.0017556442393154798     9.437565899778322E-4     0.010508                 -3625.258064689924
0.001696248191000232      9.341839143680543E-4     0.010508                 -3763.1534275276717
0.0017214795650475504     8.980065735569314E-4     0.010508                 -3721.6118092614133
0.0016620835167323025     8.884338979471534E-4     0.010508                 -3828.8522937078656
0.0019516989847024459     0.0011363293312712135    0.010508                 -2992.6294615047786
0.0019175343104345165     0.0010905793148503126    0.010508                 -3119.2394518321776
0.0018833696361665866     0.0010448292984294118    0.010508                 -3238.4186525946525
0.0018492049618986572     9.99079282008511E-4      0.010508                 -3350.167063792203
0.0018150402876307278     9.533292655876102E-4     0.010508                 -3454.484685424829
0.0017808756133627984     9.075792491667093E-4     0.010508                 -3558.5796124107237
0.0019769303587497643     0.0011001519904600906    0.010508                 -2887.563795190221
0.0019427656844818349     0.0010544019740391897    0.010508                 -3019.6133010340573
0.0019086010102139052     0.001008651957618289     0.010508                 -3144.232017312969
0.0018744363359459758     9.629019411973882E-4     0.010508                 -3261.4199440269567
0.0018402716616780462     9.171519247764873E-4     0.010508                 -3373.917541552571
0.0020021617327970827     0.0010639746496489677    0.010508                 -2778.516587340687
0.001967997058529153      0.001018224633228067     0.010508                 -2916.0056087009607
0.0019338323842612237     9.724746168071662E-4     0.010508                 -3046.0638404963106
0.001899667709993294      9.267246003862653E-4     0.010508                 -3167.625596686956
0.002027393106844401      0.0010277973088378448    0.010508                 -2665.4878379561774
0.0019932284325764717     9.820472924169442E-4     0.010508                 -2808.4163748328892
0.001959063758308542      9.362972759960432E-4     0.010508                 -2939.7037778138774
0.0020526244808917195     9.916199680267222E-4     0.010508                 -2548.4775470366917
0.00201845980662379       9.458699516058212E-4     0.010508                 -2690.1520849333356
0.002077855854939038      9.554426272155992E-4     0.010508                 -2418.970518045331
0.0024999999999999996     9.666666666666667E-4     0.010507999999999997     2.521747315850725E-12
0.0024999999999999996     0.0010249999999999999    0.010507999999999998     3.2822800138364416E-12
0.0024546564879067857     9.664602461865055E-4     0.010507999999999998     -284.45389050393214
0.0024546564879067857     0.0010247935795198388    0.010507999999999998     -286.2450483536906
0.0024999999999999996     0.0010833333333333333    0.010507999999999997     2.7395594572919652E-12
0.0024546564879067857     0.0010831269128531722    0.010507999999999998     -285.94902696079134
0.0024999999999999996     0.0011416666666666667    0.010507999999999997     2.2031178436366825E-12
0.0024546564879067857     0.0011414602461865054    0.010507999999999998     -285.6530055678921
0.0024999999999999996     0.0012000000000000001    0.010507999999999998     1.672955172870587E-12
0.0024546564879067857     0.0011997935795198388    0.010507999999999998     -285.3569841749928
0.0025                    0.0012583333333333333    0.010508                 1.14907144499368E-12
0.002454656487906786      0.0012581269128531722    0.010508                 -285.0609627820934
0.0024999999999999996     0.0013166666666666667    0.010507999999999998     6.314666600059668E-13
0.0024546564879067857     0.0013164602461865054    0.010507999999999998     -284.76494138919423
0.0025                    0.001375                 0.010508                 1.2014081790744223E-13
0.0024093129758135713     9.662538257063443E-4     0.010507999999999997     -564.3481661368087
0.0024093129758135713     0.0010245871590396777    0.010507999999999997     -567.0585661298163
0.0024093129758135713     0.0010829204923730109    0.010508                 -566.4665233440172
0.0024093129758135713     0.0011412538257063443    0.010508                 -565.874480558218
0.0024093129758135713     0.0011995871590396777    0.010508                 -565.2824377724188
0.0024093129758135713     0.001257920492373011     0.010508                 -564.6903949866196
0.002363969463720357      9.660474052261832E-4     0.010507999999999997     -839.6828268986272
0.002363969463720357      0.0010243807385595164    0.010507999999999998     -842.4405533283734
0.002363969463720357      0.0010827140718928498    0.010507999999999998     -841.5524891496746
0.002363969463720357      0.0011410474052261832    0.010507999999999998     -840.6644249709756
0.0023639694637203573     0.0011993807385595164    0.010508                 -839.7763607922767
0.002318625951627143      9.658409847460218E-4     0.010507999999999998     -1110.4578727893877
0.002318625951627143      0.0010241743180793553    0.010507999999999998     -1112.3910099493623
0.002318625951627143      0.0010825076514126887    0.010508                 -1111.2069243777637
0.002318625951627143      0.0011408409847460219    0.010508                 -1110.0228388061648
0.0022732824395339285     9.656345642658606E-4     0.010508                 -1376.6733038090902
0.0022732824395339285     0.001023967897599194     0.010508                 -1376.9099359927832
0.0022732824395339285     0.0010823012309325274    0.010508                 -1375.4298290282845
0.002227938927440714      9.654281437856994E-4     0.010507999999999998     -1638.3291199577343
0.002227938927440714      0.0010237614771190329    0.010507999999999998     -1635.9973314586352
0.0021825954153475        9.652217233055383E-4     0.010508                 -1895.4253212353206
0.0019434757970162712     0.001335129775650065     0.010508                 -3013.1523004657
0.002014050683156804      0.0013574921886524366    0.010508                 -2694.540585233247
0.0020846255692973364     0.0013798546016548082    0.010508000000000002     -2362.3770497957403
0.002155200455437869      0.0014022170146571799    0.010508                 -2014.1836174275156
0.002225775341578402      0.0014245794276595515    0.010508                 -1649.9602881285732
0.002296350227718935      0.0014469418406619235    0.010508000000000002     -1269.7070618989128
0.0023669251138594676     0.0014693042536642951    0.010508                 -873.423938738534
0.0024375000000000004     0.0014916666666666667    0.010508                 -428.9335905267641
0.001951550683156804      0.00141582552198577      0.010508                 -2978.346747595646
0.0020221255692973363     0.0014381879349881417    0.010508                 -2659.7703228001506
0.002092700455437869      0.0014605503479905135    0.010508                 -2325.666552633238
0.002163275341578402      0.001482912760992885     0.010508                 -1975.5328855356088
0.0022338502277189348     0.0015052751739952567    0.010508                 -1609.3693215072608
0.0023044251138594676     0.0015276375869976283    0.010508                 -1227.1758605481957
0.002375                  0.00155                  0.010508                 -805.5167006457555
0.0019596255692973363     0.001496521268321475     0.010508                 -2943.2892053005726
0.002030200455437869      0.0015188836813238467    0.010508                 -2624.76592032188
0.002100775341578402      0.0015412460943262183    0.010508                 -2288.7219154255636
0.0021713502277189347     0.00156360850732859      0.010508                 -1936.648013598529
0.0022419251138594675     0.0015859709203309615    0.010508                 -1568.5442148407765
0.0023125000000000003     0.0016083333333333331    0.010508                 -1170.1922139166652
0.001967700455437869      0.00157721701465718      0.010508                 -2907.979673580482
0.002038275341578402      0.0015995794276595517    0.010508                 -2589.527377798438
0.0021088502277189346     0.0016219418406619233    0.010508                 -2251.5431381727158
0.0021794251138594675     0.001644304253664295     0.010508                 -1897.5290016162762
0.0022500000000000003     0.0016666666666666666    0.010508                 -1522.9601303394938
0.0019757753415784018     0.0016579127609928847    0.010508                 -2872.4181524353735
0.0020463502277189346     0.0016802751739952565    0.010508                 -2554.054695229822
0.0021169251138594674     0.0017026375869976281    0.010508                 -2214.1302208746956
0.0021875                 0.0017249999999999998    0.010508                 -1863.8204499142412
0.0019838502277189345     0.00173860850732859      0.010508                 -2836.604641865246
0.0020544251138594673     0.0017609709203309616    0.010508                 -2518.3478726160347
0.002125                  0.0017833333333333332    0.010508                 -2192.773172640907
0.0019919251138594673     0.001819304253664295     0.010508                 -2800.5391418701006
0.0020625                 0.0018416666666666666    0.010508                 -2509.8182985194917
0.002                     0.0018999999999999998    0.010508                 -2818.603530776504
0.0025                    0.0019                   0.010508                 0
0.0024375000000000004     0.0018999999999999998    0.010508                 -401.7849006206914
0.0025                    0.0018416666666666666    0.010508                 0
0.0024375                 0.0018416666666666666    0.010508                 -401.06652373289114
0.002375                  0.0019                   0.010508                 -790.7014212867005
0.002375                  0.0018416666666666666    0.010508000000000002     -789.2646675111001
0.0023125000000000003     0.0018999999999999998    0.010508                 -1166.749561998027
0.0023125                 0.0018416666666666666    0.010508                 -1164.5944313346267
0.0022500000000000003     0.0018999999999999998    0.010508                 -1529.9293227546714
0.00225                   0.0018416666666666666    0.010508                 -1527.055815203471
0.0021875                 0.0018999999999999998    0.010508                 -1880.2407035566334
0.0021874999999999998     0.0018416666666666664    0.010508000000000002     -1876.6488191176331
0.002125                  0.0018999999999999998    0.010508                 -2217.6837044039135
0.002125                  0.0018416666666666666    0.010508                 -2213.373443077113
0.0020625                 0.0019                   0.010508                 -2542.2583252965114
0.0025                    0.0017833333333333334    0.010508                 0
0.0024375                 0.0017833333333333334    0.010508                 -400.34814684509104
0.002375                  0.0017833333333333334    0.010508                 -787.8279137354998
0.0023125                 0.0017833333333333334    0.010508                 -1162.4393006712264
0.0022500000000000003     0.0017833333333333332    0.010508                 -1524.1823076522705
0.0021875                 0.0017833333333333332    0.010508                 -1873.0569346786324
0.0025                    0.001725                 0.010508                 0
0.0024375                 0.001725                 0.010508                 -399.62976995729093
0.002375                  0.001725                 0.010508                 -786.3911599598995
0.0023125                 0.001725                 0.010508                 -1160.2841700078259
0.0022500000000000003     0.001725                 0.010508                 -1521.30880010107
0.0025                    0.0016666666666666666    0.010508                 0
0.0024375                 0.0016666666666666666    0.010508                 -398.9113930694908
0.0023750000000000004     0.0016666666666666666    0.010508                 -784.9544061842992
0.0023125000000000003     0.0016666666666666666    0.010508                 -1158.1290393444253
0.0025                    0.0016083333333333334    0.010508                 0
0.0024375                 0.0016083333333333334    0.010508                 -398.19301618169067
0.0023750000000000004     0.0016083333333333331    0.010508                 -783.5176524086991
0.0025                    0.00155                  0.010508                 0
0.0024375                 0.00155                  0.010508                 -397.4746392938905
0.0025                    0.0014916666666666667    0.010508                 0
0.0021200954153475        9.06888389972205E-4      0.010508                 -2212.0276191060166
0.0020606993670322523     8.97315714362427E-4      0.010508                 -2495.227471678563
0.0020013033187170045     8.877430387526491E-4     0.010508000000000002     -2762.160147460211
0.0019419072704017564     8.781703631428712E-4     0.010508                 -3008.124437359709
0.0018825112220865086     8.685976875330932E-4     0.010508                 -3233.120341377057
0.0018231151737712603     8.590250119233152E-4     0.010508000000000002     -3437.147859512251
0.0017637191254560125     8.494523363135372E-4     0.010508                 -3620.206991765297
0.0017043230771407647     8.398796607037593E-4     0.010508                 -3765.3956677848973
0.0021029389274407144     8.487614771190328E-4     0.010508                 -2298.421996765341
0.0020435428791254666     8.391888015092548E-4     0.010508000000000002     -2578.2421348401276
0.0019841468308102184     8.29616125899477E-4      0.010508                 -2839.104237475026
0.0019247507824949705     8.20043450289699E-4      0.010508                 -3078.9979542277733
0.0018653547341797227     8.10470774679921E-4      0.010508                 -3297.9232850983685
0.0018059586858644747     8.00898099070143E-4      0.010508000000000002     -3495.880230086814
0.0017465626375492269     7.91325423460365E-4      0.010508                 -3665.004783284581
0.002085782439533929      7.906345642658607E-4     0.010508                 -2383.3235446159597
0.0020263863912186805     7.810618886560829E-4     0.010508                 -2659.4993109931265
0.001966990342903433      7.714892130463049E-4     0.010508                 -2914.2908404812742
0.0019075942945881849     7.619165374365269E-4     0.010508                 -3148.1139840872706
0.001848198246272937      7.523438618267489E-4     0.010508                 -3360.968741811116
0.001788802197957689      7.427711862169709E-4     0.010508                 -3553.0251526055486
0.0020686259516271427     7.325076514126886E-4     0.010508                 -2466.7322626578734
0.0020092299033118953     7.229349758029106E-4     0.010508                 -2738.999000137561
0.001949833854996647      7.133623001931327E-4     0.010508                 -2987.7199564789576
0.0018904378066813992     7.037896245833547E-4     0.010508                 -3215.472526938203
0.0018310417583661514     6.942169489735767E-4     0.010508                 -3429.456775747798
0.0020514694637203575     6.743807385595165E-4     0.010508                 -2548.648150891083
0.001992073415405109      6.648080629497385E-4     0.010508                 -2816.7412022734284
0.0019326773670898614     6.552353873399606E-4     0.010508                 -3059.391585468074
0.0018732813187746136     6.456627117301826E-4     0.010508                 -3294.2996527113314
0.0020343129758135714     6.162538257063444E-4     0.010508                 -2629.071209315586
0.0019749169274983235     6.066811500965664E-4     0.010508                 -2892.7259174007295
0.0019155208791830757     5.971084744867885E-4     0.010508                 -3147.553783496146
0.0020171564879067857     5.581269128531722E-4     0.010508000000000002     -2708.001437931385
0.001957760439591538      5.485542372433943E-4     0.010508000000000002     -2989.219168102245
0.002                     5.000000000000001E-4     0.010508000000000002     -2805.151149847707
0.0015                    0.0018999999999999996    0.010507999999999998     -3962.6584333514766
0.0015086518436101498     0.001837649416529337     0.010507999999999998     -3923.9836596689984
0.0015625                 0.0018999999999999998    0.010507999999999998     -3891.4604113071673
0.0015711518436101499     0.0018376494165293369    0.010508                 -3887.359479699204
0.0015173036872202996     0.0017752988330586744    0.010508                 -3921.6480096782007
0.0015798036872202994     0.0017752988330586744    0.010507999999999998     -3882.518050571357
0.0015259555308304489     0.001712948249588012     0.010507999999999998     -3918.6196855439075
0.0015884555308304492     0.0017129482495880119    0.010507999999999998     -3876.9361239236264
0.0015346073744405987     0.0016505976661173494    0.010508                 -3914.898687266116
0.001597107374440599      0.0016505976661173494    0.010508                 -3870.6136997560134
0.0015432592180507484     0.001588247082646687     0.010508                 -3910.4850148448295
0.0016057592180507483     0.001588247082646687     0.010508                 -3863.550778068516
0.0015519110616608982     0.0015258964991760246    0.010507999999999998     -3905.3786682800455
0.001614411061660898      0.0015258964991760244    0.010508                 -3855.747358861136
0.0015605629052710477     0.001463545915705362     0.010508                 -3899.579647571765
0.0016230629052710478     0.001463545915705362     0.010508                 -3885.808416864297
0.0015692147488811975     0.0014011953322346994    0.010508                 -3940.3243579385453
0.0016250000000000001     0.0018999999999999996    0.010508                 -3836.3918520603484
0.0016336518436101497     0.001837649416529337     0.010508                 -3827.592660174474
0.0016423036872202995     0.0017752988330586746    0.010508                 -3818.0529707687156
0.001650955530830449      0.001712948249588012     0.010508                 -3807.7727838430746
0.0016596073744405988     0.0016505976661173496    0.010508                 -3796.7520993975504
0.0016682592180507483     0.001588247082646687     0.010508                 -3784.9909174321424
0.001676911061660898      0.0015258964991760246    0.010508                 -3792.957424301623
0.0016875                 0.0018999999999999998    0.010507999999999998     -3752.0864240226865
0.0016961518436101497     0.0018376494165293373    0.010507999999999998     -3738.5889718588996
0.0017048036872202995     0.0017752988330586748    0.010508                 -3724.3510221752317
0.001713455530830449      0.0017129482495880123    0.010507999999999998     -3709.372574971679
0.0017221073744405988     0.0016505976661173496    0.010508                 -3693.653630248243
0.0017307592180507484     0.001588247082646687     0.010508                 -3680.4111824569227
0.00175                   0.0018999999999999998    0.010508                 -3638.544127194181
0.0017586518436101498     0.001837649416529337     0.010508                 -3620.348414752484
0.0017673036872202993     0.0017752988330586746    0.010508                 -3601.4122047909023
0.0017759555308304491     0.0017129482495880123    0.010508                 -3581.7354973094402
0.0017846073744405989     0.0016505976661173496    0.010508                 -3548.169691330195
0.0018125                 0.0018999999999999996    0.010508                 -3495.7649615748305
0.0018211518436101496     0.001837649416529337     0.010508                 -3472.870988855223
0.0018298036872202994     0.0017752988330586746    0.010508                 -3449.2365186157313
0.0018384555308304492     0.001712948249588012     0.010508                 -3396.2329509214405
0.001875                  0.0018999999999999998    0.010507999999999998     -3323.7489271646373
0.0018836518436101497     0.0018376494165293373    0.010508                 -3296.156694167119
0.0018923036872202995     0.0017752988330586748    0.010508                 -3224.600961230659
0.0019375                 0.0018999999999999998    0.010508                 -3122.496023963601
0.0019461518436101497     0.0018376494165293373    0.010508                 -3033.27372225785
0.001889627640626421      0.0012727791921794025    0.010508                 -3241.4665792836977
0.0018977025267669537     0.0013534749385151076    0.010508                 -3188.834764301281
0.0019057774129074862     0.0014341706848508126    0.010508000000000002     -3154.0938862344806
0.001913852299048019      0.0015148664311865174    0.010508                 -3119.0831693628184
0.0019219271851885517     0.0015955621775222222    0.010508                 -3083.8026136862914
0.0019300020713290845     0.0016762579238579272    0.010508000000000002     -3048.252219204901
0.001938076957469617      0.0017569536701936323    0.010508                 -3012.4319859186476
0.0018438543703771034     0.001291124355044445     0.010508                 -3389.186801844932
0.001851929256517636      0.00137182010138015      0.010508                 -3347.5797373461464
0.0018600041426581687     0.0014525158477158547    0.010508                 -3314.8790592489645
0.0018680790287987014     0.0015332115940515597    0.010508                 -3281.9085423469187
0.001876153914939234      0.0016139073403872647    0.010508                 -3248.6681866400095
0.0018842288010797667     0.0016946030867229698    0.010508                 -3215.157992128237
0.0017980811001277854     0.0013094695179094876    0.010508                 -3521.933388093976
0.0018061559862683181     0.0013901652642451924    0.010508                 -3491.865296325961
0.001814230872408851      0.0014708610105808972    0.010508                 -3461.2048181983973
0.0018223057585493837     0.0015515567569166023    0.010508                 -3430.2745012659693
0.0018303806446899164     0.0016322525032523073    0.010508                 -3399.074345528678
0.0017523078298784679     0.0013278146807745297    0.010508                 -3639.70633803083
0.0017603827160190006     0.0014085104271102347    0.010508                 -3621.6914412407264
0.0017684576021595334     0.0014892061734459398    0.010508                 -3593.0711630827795
0.0017765324883000661     0.0015699019197816448    0.010508                 -3564.18104611997
0.0017065345596291503     0.0013461598436395722    0.010508                 -3742.5056516554937
0.001714609445769683      0.001426855589975277     0.010508                 -3737.0581720904406
0.0017226843319102156     0.001507551336310982     0.010508                 -3710.478093902112
0.0016607612893798328     0.0013645050065046148    0.010508                 -3830.3313289679672
0.0016688361755203653     0.0014452007528403198    0.010508                 -3837.965488875106
0.001614988019130515      0.0013828501693696571    0.010508                 -3903.183369968251
0.0018554629663584915     0.0012270291757585016    0.010508                 -3366.2770333304543
0.0018096896961091737     0.0012453743386235442    0.010508000000000002     -3493.4892215058862
0.0017639164258598562     0.0012637195014885865    0.010508                 -3605.213551121987
0.0017181431556105387     0.001282064664353629     0.010508                 -3701.4500221787575
0.0016723698853612207     0.0013004098272186714    0.010508000000000002     -3782.1986346761996
0.0016265966151119032     0.001318754990083714     0.010508                 -3847.4593886143102
0.0015808233448625856     0.0013371001529487562    0.010508                 -3908.2586834078356
0.0018212982920905619     0.001181279159337601     0.010508                 -3464.352940868588
0.0017755250218412443     0.0011996243222026433    0.010508                 -3580.0416451722303
0.0017297517515919266     0.0012179694850676858    0.010508                 -3680.2424909165416
0.001683978481342609      0.0012363146479327282    0.010508                 -3764.955478101523
0.0016382052110932913     0.0012546598107977705    0.010508                 -3834.180606727175
0.0015924319408439737     0.001273004973662813     0.010508                 -3896.4078388249563
0.0017871336178226322     0.0011355291429167       0.010508                 -3553.85507761858
0.0017413603475733147     0.0011538743057817424    0.010508                 -3658.020298050432
0.0016955870773239972     0.001172219468646785     0.010508                 -3746.6976599229547
0.0016498138070746796     0.0011905646315118273    0.010508                 -3819.8871632361465
0.0016040405368253617     0.0012089097943768696    0.010508                 -3883.5156484164963
0.0017529689435547028     0.0010897791264957992    0.010508                 -3634.7834435804284
0.0017071956733053853     0.0011081242893608415    0.010508                 -3727.425180140492
0.0016614224030560678     0.001126469452225884     0.010508                 -3804.5790581412243
0.00161564913280675       0.0011448146150909264    0.010508                 -3869.582112182454
0.0017188042692867734     0.0010440291100748983    0.010508                 -3707.1380387541353
0.0016730309990374557     0.0010623742729399407    0.010508                 -3788.256291442409
0.001627257728788138      0.0010807194358049832    0.010508                 -3854.6072301228296
0.0016846395950188438     9.982790936539975E-4     0.010508                 -3770.918863139701
0.0016388663247695263     0.0010166242565190398    0.010508                 -3838.591002237624
0.0016504749207509144     9.525290772330966E-4     0.010508                 -3821.5334285268373
0.0016027397430862333     8.926809781859679E-4     0.010508                 -3862.0959535998454
0.0015911311471048452     9.567761574719111E-4     0.010508                 -3872.6790943319565
0.001579522551123457      0.0010208713367578545    0.010508000000000002     -3887.116899871553
0.001567913955142069      0.0010849665160437977    0.010508                 -3900.4866753638785
0.0015563053591606808     0.0011490616953297409    0.010508                 -3912.788420808934
0.0015446967631792927     0.001213156874615684     0.010508000000000002     -3924.02213620672
0.0015330881671979046     0.0012772520539016275    0.010508                 -3934.187821557235
0.0015214795712165164     0.0013413472331875707    0.010508                 -3970.926872917925
0.0015433959694401641     8.969280584247823E-4     0.010508                 -3893.7115443317334
0.001531787373458776      9.610232377107255E-4     0.010508                 -3902.2464660488045
0.0015201787774773879     0.001025118416996669     0.010508                 -3911.3946449254827
0.0015085701814959997     0.0010892135962826122    0.010508                 -3919.47479375489
0.0014969615855146116     0.0011533087755685554    0.010508                 -3926.4869125370283
0.0014853529895332235     0.0012174039548544986    0.010508                 -3932.4310012718975
0.0014737443935518354     0.001281499134140442     0.010508                 -3957.7695945520736
0.001484052195794095      9.011751386635969E-4     0.010508                 -3899.400925392073
0.0014724435998127068     9.652703179495401E-4     0.010508                 -3905.6430554670933
0.0014608350038313187     0.0010293654972354834    0.010508                 -3909.501607680853
0.0014492264078499306     0.0010934606765214266    0.010508                 -3912.2921298473425
0.0014376178118685424     0.00115755585580737      0.010508                 -3914.0146219665635
0.0014260092158871543     0.001221651035093313     0.010508                 -3927.3515113417507
0.001424708422148026      9.054222189024114E-4     0.010508                 -3879.1640967808607
0.0014130998261666378     9.695173981883546E-4     0.010508                 -3882.8688625868213
0.0014014912301852497     0.001033612577474298     0.010508                 -3881.4377881376636
0.0013898826342038616     0.0010977077567602411    0.010508                 -3878.938683641236
0.0013782740382224734     0.0011618029360461845    0.010508                 -3879.672623286954
0.0013653646485019565     9.096692991412259E-4     0.010508                 -3833.0010584980982
0.0013537560525205684     9.737644784271692E-4     0.010508                 -3833.9238874079897
0.0013421474565391803     0.0010378596577131124    0.010508                 -3827.203186295915
0.0013305388605577922     0.0011019548369990556    0.010508                 -3814.732930387687
0.0013060208748558876     9.139163793800405E-4     0.010508                 -3760.911810543784
0.0012944122788744994     9.780115586659837E-4     0.010508                 -3758.808129930601
0.0012828036828931113     0.001042106737951927     0.010508                 -3732.5324326439477
0.0012466771012098184     9.18163459618855E-4      0.010508                 -3662.896352917921
0.0012350685052284302     9.822586389047982E-4     0.010508                 -3633.071130055736
0.0011873333275637492     9.224105398576694E-4     0.010508                 -3502.588824649368
0.0014999999999999998     4.999999999999999E-4     0.010507999999999998     -3960.2630222701086
0.0015624999999999999     4.999999999999999E-4     0.010507999999999998     -3900.6242696115705
0.0015202604395915377     5.485542372433941E-4     0.010507999999999998     -3940.5141457127274
0.0015827604395915378     5.485542372433941E-4     0.010508                 -3889.2857574867085
0.001625                  4.999999999999999E-4     0.010508                 -3837.7241438333936
0.0016452604395915378     5.485542372433941E-4     0.010508                 -3816.2889502933535
0.0016874999999999998     5.0E-4                   0.010508                 -3745.502703145781
0.0017077604395915379     5.485542372433941E-4     0.010508                 -3713.9708281905614
0.0017499999999999998     5.0E-4                   0.010508                 -3623.959947548732
0.001770260439591538      5.485542372433941E-4     0.010508000000000002     -3582.3313911783325
0.0018124999999999999     5.0E-4                   0.010508                 -3473.0958770422435
0.0018327604395915378     5.485542372433942E-4     0.010508000000000002     -3421.3706392566664
0.001875                  5.000000000000001E-4     0.010508                 -3292.91049162632
0.0018952604395915378     5.485542372433943E-4     0.010508000000000002     -3231.0885724255636
0.0019375                 5.000000000000001E-4     0.010508000000000002     -3083.4037913009597
0.0015405208791830756     5.971084744867882E-4     0.010508                 -3933.178728473872
0.0016030208791830754     5.971084744867882E-4     0.010508                 -3874.4824316807067
0.0016655208791830755     5.971084744867884E-4     0.010508                 -3791.3889430721733
0.0017280208791830756     5.971084744867884E-4     0.010508                 -3678.9741395542023
0.0017905208791830756     5.971084744867884E-4     0.010508                 -3537.238021126794
0.0018530208791830757     5.971084744867885E-4     0.010508                 -3366.1805877899496
0.0015607813187746133     6.456627117301825E-4     0.010507999999999998     -3922.554835758243
0.0016232813187746133     6.456627117301825E-4     0.010508                 -3856.2142921935656
0.0016857813187746134     6.456627117301825E-4     0.010508                 -3763.024122169853
0.0017482813187746134     6.456627117301826E-4     0.010508                 -3640.5126372367035
0.0018107813187746135     6.456627117301826E-4     0.010508                 -3488.6798373941174
0.0015810417583661512     6.942169489735767E-4     0.010508                 -3908.6424675658413
0.0016435417583661512     6.942169489735767E-4     0.010508                 -3834.481339025285
0.0017060417583661513     6.942169489735767E-4     0.010508                 -3731.194487586393
0.0017685417583661513     6.942169489735767E-4     0.010508                 -3598.5863212380655
0.001601302197957689      7.427711862169708E-4     0.010508                 -3891.441623896664
0.001663802197957689      7.427711862169708E-4     0.010508                 -3809.2835721758643
0.001726302197957689      7.427711862169708E-4     0.010508                 -3695.900039321794
0.0016215626375492267     7.91325423460365E-4      0.010507999999999998     -3870.952304750712
0.0016840626375492268     7.91325423460365E-4      0.010508                 -3780.620991645304
0.0016418230771407646     8.398796607037591E-4     0.010508                 -3847.174510127988
0.0015824793034946954     8.441267409425736E-4     0.010508                 -3886.7139061959756
0.0015231355298486262     8.483738211813881E-4     0.010508000000000002     -3906.1463333000297
0.0014637917562025573     8.526209014202027E-4     0.010508                 -3899.897123359541
0.0014044479825564879     8.568679816590172E-4     0.010508                 -3867.966276374513
0.0013451042089104189     8.611150618978317E-4     0.010508000000000002     -3810.3537923449408
0.0012857604352643497     8.653621421366463E-4     0.010508                 -3727.059671270827
0.0012264166616182805     8.696092223754607E-4     0.010508                 -3608.2805966572096
0.0015622188639031575     7.955725036991795E-4     0.010508                 -3903.2970266649454
0.0015028750902570886     7.99819583937994E-4      0.010507999999999998     -3913.7876977890396
0.0014435313166110192     8.040666641768086E-4     0.010507999999999998     -3898.596731868592
0.0013841875429649502     8.083137444156231E-4     0.010507999999999998     -3857.7241289036037
0.001324843769318881      8.125608246544376E-4     0.010508                 -3791.1698888940723
0.0012654999956728118     8.168079048932521E-4     0.010507999999999998     -3693.471164077338
0.00154195842431162       7.470182664557853E-4     0.010508                 -3916.768009861507
0.0014826146506655507     7.512653466945998E-4     0.010508                 -3918.316925005641
0.0014232708770194817     7.555124269334144E-4     0.010508                 -3894.184203105236
0.0013639271033734123     7.597595071722288E-4     0.010508                 -3844.369844160287
0.0013045833297273433     7.640065874110433E-4     0.010508                 -3767.6464183816042
0.001521697984720082      6.984640292123912E-4     0.010508                 -3927.1268557856592
0.0014623542110740128     7.027111094512057E-4     0.010508                 -3919.7340149498355
0.0014030104374279438     7.069581896900201E-4     0.010508                 -3886.65953706947
0.0013436666637818744     7.112052699288346E-4     0.010508                 -3830.8063595700087
0.0015014375451285443     6.49909791968997E-4      0.010507999999999998     -3934.3735644374033
0.0014420937714824749     6.541568722078115E-4     0.010507999999999998     -3918.03896762162
0.001382749997836406      6.58403952446626E-4      0.010507999999999998     -3882.950987642552
0.0014811771055370064     6.013555547256027E-4     0.010508                 -3938.50813581674
0.0014218333318909372     6.056026349644172E-4     0.010508                 -3924.0803025992327
0.0014609166659454685     5.528013174822086E-4     0.010507999999999998     -3954.1943044400523
9.999999999999998E-4      5.0E-4                   0.010508000000000002     -2784.2600303808663
0.0010624999999999999     5.0E-4                   0.010508000000000002     -3043.441315608935
0.0010234166659454686     5.528013174822087E-4     0.010508000000000002     -2889.380182089098
0.0010859166659454684     5.528013174822087E-4     0.010508000000000002     -3134.695301447758
0.0011249999999999997     5.0E-4                   0.010508                 -3264.1814781697753
0.0011484166659454685     5.528013174822086E-4     0.010508000000000002     -3344.788562660407
0.0011874999999999998     5.0E-4                   0.010508                 -3456.495185412801
0.0012109166659454685     5.528013174822086E-4     0.010508000000000002     -3526.4553685552423
0.0012499999999999998     5.0E-4                   0.010508                 -3620.3824373380126
0.0012734166659454683     5.528013174822086E-4     0.010508                 -3679.695719132263
0.0013124999999999999     5.0E-4                   0.010508                 -3755.8432339454093
0.0013359166659454684     5.528013174822086E-4     0.010508                 -3804.509614391469
0.001375                  4.999999999999999E-4     0.010508                 -3862.877575234991
0.0013984166659454685     5.528013174822086E-4     0.010508                 -3900.8970543328587
0.0014374999999999998     4.999999999999999E-4     0.010507999999999998     -3941.4854612067584
0.001046833331890937      6.056026349644174E-4     0.010508                 -2985.2921777289557
0.0011093333318909371     6.056026349644174E-4     0.010508                 -3221.961576033322
0.0011718333318909372     6.056026349644174E-4     0.010508                 -3421.4079358977806
0.0012343333318909373     6.056026349644173E-4     0.010508                 -3592.427840444424
0.001296833331890937      6.056026349644173E-4     0.010508                 -3735.021289673254
0.0013593333318909372     6.056026349644173E-4     0.010508                 -3849.1882835842684
0.0010702499978364058     6.58403952446626E-4      0.010508                 -3077.624666910435
0.0011327499978364057     6.58403952446626E-4      0.010508                 -3305.240139365626
0.0011952499978364057     6.58403952446626E-4      0.010508                 -3494.0395978818933
0.0012577499978364058     6.58403952446626E-4      0.010508                 -3654.4126010803466
0.0013202499978364059     6.58403952446626E-4      0.010508                 -3786.359148960985
0.0010936666637818746     7.112052699288347E-4     0.010508                 -3166.3776496335336
0.0011561666637818744     7.112052699288347E-4     0.010508                 -3384.530991444671
0.0012186666637818745     7.112052699288347E-4     0.010508                 -3562.683548612748
0.0012811666637818746     7.112052699288346E-4     0.010508                 -3712.409650463009
0.0011170833297273431     7.640065874110434E-4     0.010508                 -3251.5511258982547
0.0011795833297273432     7.640065874110434E-4     0.010508                 -3459.8341322704555
0.0012420833297273432     7.640065874110433E-4     0.010508                 -3627.3397880903403
0.0011404999956728119     8.168079048932521E-4     0.010508                 -3333.1450957045963
0.0012029999956728117     8.168079048932521E-4     0.010508                 -3531.149561842981
0.0011639166616182804     8.696092223754608E-4     0.010508                 -3411.1595590525594
8.124562499286834E-4      7.96766623198248E-4      0.010508                 -1862.1097130665632
8.35899218687598E-4       7.596707952984669E-4     0.010508                 -1992.6914787673704
8.593158846330666E-4      8.124721127806756E-4     0.010508                 -2113.410363074896
8.827588533919812E-4      7.753762848808946E-4     0.010508                 -2239.719675025054
8.593421874465124E-4      7.225749673986859E-4     0.010508                 -2113.7747223307115
9.062018221508957E-4      7.382804569811137E-4     0.010508000000000002     -2354.9197459396423
8.82785156205427E-4       6.85479139498905E-4      0.010508                 -2231.952180798595
9.296447909098102E-4      7.011846290813327E-4     0.010508000000000002     -2466.8974621041184
9.062281249643416E-4      6.48383311599124E-4      0.010508                 -2347.2238541710212
9.530877596687249E-4      6.640888011815516E-4     0.010508000000000002     -2575.652823518482
9.296710937232561E-4      6.11287483699343E-4      0.010508                 -2459.5897424479917
9.765307284276394E-4      6.269929732817707E-4     0.010508000000000002     -2681.185830182735
9.531140624821706E-4      5.741916557995619E-4     0.010508                 -2569.0498456295054
9.999736971865539E-4      5.898971453819897E-4     0.010508000000000002     -2783.496482096875
9.765570312410852E-4      5.37095827899781E-4      0.010508000000000002     -2675.60416371556
9.061755193374498E-4      8.281776023631032E-4     0.010508                 -2348.645552964357
9.296184880963644E-4      7.910817744633224E-4     0.010508                 -2464.8145691086092
9.530614568552789E-4      7.539859465635413E-4     0.010508                 -2573.595483708484
9.765044256141934E-4      7.168901186637603E-4     0.010508                 -2679.154043558247
9.999473943731081E-4      6.797942907639794E-4     0.010508                 -2781.490248657898
0.0010233903631320226     6.426984628641983E-4     0.010508                 -2880.6040990074366
9.530351540418331E-4      8.438830919455311E-4     0.010508                 -2571.606869282662
9.764781228007476E-4      8.067872640457501E-4     0.010508                 -2677.122203649351
9.999210915596622E-4      7.69691436145969E-4      0.010508                 -2779.483961934512
0.0010233640603185767     7.325956082461881E-4     0.010508                 -2878.623365469562
0.0010468070290774911     6.954997803464071E-4     0.010508                 -2974.5404142545
9.998947887462162E-4      8.595885815279587E-4     0.010508                 -2782.294312029808
0.0010233377575051307     8.224927536281776E-4     0.010508                 -2876.642578647279
0.0010467807262640454     7.853969257283968E-4     0.010508                 -2972.585180617729
0.00107022369502296       7.483010978286157E-4     0.010508                 -3065.3054278380646
0.0010467544234505995     8.752940711103863E-4     0.010508                 -2980.707881205798
0.0010701973922095142     8.381982432106054E-4     0.010508                 -3063.3756941023953
0.0010936403609684286     8.011024153108244E-4     0.010508                 -3152.899139758131
0.0010936140581549827     8.909995606928142E-4     0.010508                 -3166.8475768106296
0.0011170570269138972     8.539037327930331E-4     0.010508                 -3237.3215500147
0.001140473692859366      9.067050502752418E-4     0.010508                 -3340.713398844303
0.0015092568355139406     0.001403568992217912     0.010508                 -3947.060948556938
0.0015006049919037909     0.0014659195756885745    0.010508                 -3906.8656700995557
0.0014919531482936411     0.001528270159159237     0.010508                 -3910.4148070543947
0.0014833013046834918     0.0015906207426298995    0.010508                 -3913.3190932421257
0.001474649461073342      0.001652971326100562     0.010507999999999998     -3915.5785286627465
0.0014659976174631923     0.0017153219095712244    0.010507999999999998     -3917.193113316256
0.0014573457738530427     0.001777672493041887     0.010508                 -3918.162847202655
0.001448693930242893      0.0018400230765125496    0.010507999999999998     -3956.4788090302045
0.0014492989221466836     0.0014059426522011246    0.010508                 -3923.595310296534
0.0014406470785365338     0.0014682932356717868    0.010508                 -3893.206914862758
0.0014319952349263845     0.0015306438191424496    0.010508                 -3892.5528038052303
0.0014233433913162347     0.001592994402613112     0.010508                 -3891.253841980591
0.001414691547706085      0.0016553449860837745    0.010508                 -3889.3100293888415
0.0014060397040959352     0.001717695569554437     0.010508                 -3886.721366029982
0.0013973878604857859     0.0017800461530250995    0.010508                 -3908.3478552937795
0.0013893410087794267     0.001408316312184337     0.010508                 -3872.5438167243465
0.0013806891651692772     0.0014706668956549996    0.010508                 -3852.2600748979107
0.0013720373215591274     0.0015330174791256621    0.010507999999999998     -3847.402715828014
0.0013633854779489779     0.0015953680625963246    0.010508                 -3841.900505991007
0.001354733634338828      0.001657718646066987     0.010507999999999998     -3835.7534453868893
0.0013460817907286783     0.0017200692295376496    0.010507999999999998     -3840.948737936369
0.0013293830954121699     0.0014106899721675495    0.010508                 -3793.9064678403756
0.0013207312518020203     0.0014730405556382122    0.010508                 -3784.025150205016
0.0013120794081918706     0.0015353911391088745    0.010508                 -3774.964543122749
0.001303427564581721      0.001597741722579537     0.010508                 -3765.259085273374
0.0012947757209715713     0.0016600923060501997    0.010508                 -3754.281456957974
0.0012694251820449132     0.001413063632150762     0.010508                 -3687.6832636446225
0.0012607733384347635     0.0014754142156214246    0.010508                 -3688.5021407840713
0.0012521214948246137     0.001537764799092087     0.010508                 -3675.2382856894365
0.0012434696512144642     0.0016001153825627495    0.010508                 -3648.3460123585937
0.0012094672686776562     0.0014154372921339744    0.010508                 -3553.8742041370842
0.0012008154250675064     0.001477787875604637     0.010508                 -3565.6910466350773
0.0011921635814573569     0.0015401384590752996    0.010507999999999998     -3523.1424041382293
0.0011495093553103993     0.001417810952117187     0.010508                 -3392.4792893177646
0.0011408575117002496     0.0014801615355878495    0.010508                 -3378.670632296879
0.0010895514419431425     0.0014201846121003996    0.010508                 -3172.464854726924
0.0011017741776457183     0.0013579628530700583    0.010508                 -3189.1312070218446
0.001161732091012975      0.0013555891930868457    0.010508                 -3388.855766156039
0.001113996913348294      0.001295741094039717     0.010508                 -3232.1583175508954
0.001173954826715551      0.0012933674340565044    0.010508000000000002     -3428.2597298828446
0.00112621964905087       0.001233519335009376     0.010508                 -3274.16480582055
0.001186177562418127      0.0012311456750261633    0.010508                 -3466.5531017056474
0.0011384423847534458     0.0011712975759790344    0.010508                 -3315.1506718308106
0.0011984002981207027     0.0011689239159958218    0.010508                 -3503.7358816244455
0.0011506651204560216     0.0011090758169486933    0.010508                 -3355.115915581675
0.0012106230338232787     0.0011067021569654808    0.010508000000000002     -3539.808069639241
0.0011628878561585976     0.001046854057918352     0.010508                 -3394.0605370731455
0.0012228457695258545     0.0010444803979351395    0.010508                 -3574.769665750032
0.0011751105918611734     9.846322988880107E-4     0.010508                 -3431.98453630522
0.0012216900043802322     0.0013532155331036333    0.010508                 -3560.1835813647203
0.001233912740082808      0.0012909937740732918    0.010508                 -3594.021461526241
0.0012461354757853837     0.0012287720150429508    0.010508                 -3626.7487497837583
0.0012583582114879595     0.0011665502560126095    0.010508                 -3658.3654461372707
0.0012705809471905355     0.0011043284969822682    0.010508                 -3688.8715505867804
0.001281647917747489      0.0013508418731204208    0.010508                 -3703.627770677885
0.0012938706534500648     0.0012886201140900795    0.010508                 -3731.8995672741207
0.0013060933891526406     0.0012263983550597382    0.010508                 -3759.0607719663512
0.0013183161248552164     0.0011641765960293971    0.010508                 -3785.1113847545794
0.0013416058311147457     0.0013484682131372082    0.010508                 -3819.1883340955324
0.0013538285668173217     0.001286246454106867     0.010508                 -3841.894047126482
0.0013660513025198977     0.0012240246950765256    0.010508                 -3863.489168253427
0.0014015637444820027     0.0013460945531539956    0.010508                 -3906.8652716176625
0.0014137864801845785     0.0012838727941236543    0.010508                 -3924.0049010833254
0.0014615216578492596     0.0013437208931707833    0.010508                 -3966.6585832442734
0.001                     0.0018999999999999996    0.010508                 -2804.2419373989483
0.0010111939302428928     0.0018400230765125496    0.010508                 -2829.5692139621033
0.0010625                 0.0018999999999999996    0.010508                 -3033.4634853336997
0.0010736939302428928     0.0018400230765125494    0.010508                 -3080.6121160788894
0.0010223878604857855     0.0017800461530250995    0.010508                 -2878.182850936704
0.0010848878604857856     0.0017800461530250995    0.010508000000000002     -3126.7248180757792
0.0010335817907286785     0.0017200692295376496    0.010508                 -2926.0036101300107
0.0010960817907286783     0.0017200692295376496    0.010508                 -3171.801591324368
0.0010447757209715712     0.0016600923060501997    0.010508                 -2973.031491542024
0.0011072757209715713     0.0016600923060501995    0.010508                 -3215.8424358246575
0.0010559696512144642     0.0016001153825627495    0.010508                 -3019.266495172743
0.001118469651214464      0.0016001153825627495    0.010508000000000002     -3258.8473515766464
0.001067163581457357      0.0015401384590752996    0.010508                 -3064.70862102217
0.0011296635814573568     0.0015401384590752994    0.010508                 -3300.8163385803346
0.0010783575117002497     0.0014801615355878495    0.010508                 -3109.3578690903028
0.0011250000000000001     0.0018999999999999996    0.010507999999999998     -3263.610459438991
0.0011361939302428929     0.0018400230765125496    0.010508                 -3305.2753488613066
0.0011473878604857856     0.0017800461530250997    0.010507999999999998     -3345.904309535323
0.0011585817907286784     0.0017200692295376496    0.010507999999999998     -3385.497341461038
0.0011697757209715711     0.0016600923060501997    0.010507999999999998     -3424.0544446384542
0.0011809696512144641     0.0016001153825627495    0.010508                 -3461.575619067569
0.0011875000000000002     0.0018999999999999996    0.010508                 -3464.8159918752867
0.001198693930242893      0.0018400230765125496    0.010508                 -3500.9971399747287
0.0012098878604857857     0.0017800461530250995    0.010508                 -3536.1423593258714
0.0012210817907286784     0.0017200692295376496    0.010508                 -3570.2516499287135
0.0012322757209715712     0.0016600923060501997    0.010508                 -3603.325011783256
0.00125                   0.0018999999999999996    0.010508                 -3637.080082642586
0.0012611939302428928     0.0018400230765125494    0.010508                 -3667.777489419157
0.0012723878604857857     0.0017800461530250995    0.010508                 -3697.4389674474246
0.0012835817907286785     0.0017200692295376496    0.010508                 -3726.0645167273933
0.0013124999999999999     0.0018999999999999996    0.010507999999999998     -3780.402731740892
0.0013236939302428928     0.0018400230765125496    0.010507999999999998     -3805.616397194588
0.0013348878604857856     0.0017800461530250995    0.010507999999999998     -3829.7941338999835
0.0013750000000000001     0.0018999999999999996    0.010508                 -3894.7839391702014
0.0013861939302428929     0.0018400230765125494    0.010508                 -3914.513863301023
0.0014375                 0.0018999999999999996    0.010507999999999998     -3980.223704930515
8.328618602814163E-4      0.001072378110178123     0.010508                 -1974.7872883172718
8.303111589873246E-4      0.0010379266743056387    0.010508                 -1947.2870941917045
8.771707936917079E-4      0.0010536321638880664    0.010508                 -2206.342286402912
8.746200923976162E-4      0.001019180728015582     0.010508                 -2181.5766883046585
8.27760457693233E-4       0.0010034752384331543    0.010508                 -1934.3679751047662
8.720693911035246E-4      9.847292921430976E-4     0.010508000000000002     -2169.013151656761
8.252097563991414E-4      9.690238025606699E-4     0.010508                 -1921.4148015092533
8.69518689809433E-4       9.502778562706131E-4     0.010508                 -2156.404815567008
8.226590551050498E-4      9.345723666881855E-4     0.010508                 -1908.4275734051653
8.669679885153414E-4      9.158264203981288E-4     0.010508                 -2143.7516800353987
8.201083538109582E-4      9.001209308157011E-4     0.010508                 -1895.406290792504
8.644172872212499E-4      8.813749845256445E-4     0.010508000000000002     -2131.053745061934
8.175576525168666E-4      8.656694949432167E-4     0.010508                 -1882.3509536712681
8.618665859271582E-4      8.4692354865316E-4       0.010508                 -2118.311010646614
8.15006951222775E-4       8.312180590707324E-4     0.010508                 -1869.2615620414574
9.214797271019995E-4      0.0010348862175980095    0.010508                 -2422.4135962068353
9.189290258079079E-4      0.0010004347817255254    0.010508                 -2404.311533101018
9.163783245138162E-4      9.659833458530408E-4     0.010508                 -2392.434786598544
9.138276232197246E-4      9.315319099805564E-4     0.010508                 -2380.5132406542148
9.11276921925633E-4       8.97080474108072E-4      0.010508                 -2368.5468952680294
9.087262206315415E-4      8.626290382355878E-4     0.010508                 -2356.535750439989
9.657886605122911E-4      0.0010161402713079531    0.010508                 -2627.7760544214043
9.632379592181995E-4      9.816888354354687E-4     0.010508                 -2616.704270030579
9.606872579241079E-4      9.472373995629842E-4     0.010508                 -2605.5143136735287
9.581365566300162E-4      9.127859636904998E-4     0.010508                 -2594.279557874623
9.555858553359246E-4      8.783345278180155E-4     0.010508                 -2583.0000026338626
0.0010100975939225827     9.973943250178962E-4     0.010508                 -2822.429661046619
0.001007546892628491      9.629428891454119E-4     0.010508                 -2818.754899093341
0.0010049961913343995     9.284914532729275E-4     0.010508                 -2808.251732881715
0.0010024454900403078     8.940400174004431E-4     0.010508                 -2797.703767228233
0.0010544065273328743     9.786483787278394E-4     0.010508                 -3006.3744160824795
0.0010518558260387827     9.441969428553551E-4     0.010508                 -3010.463420289305
0.001049305124744691      9.097455069828707E-4     0.010508                 -3000.647044223103
0.001098715460743166      9.59902432437783E-4      0.010508                 -3179.610319528986
0.0010961647594490743     9.254509965652986E-4     0.010508                 -3191.82983361847
0.0011430243941534576     9.411564861477262E-4     0.010508                 -3342.1373713861385
8.649480579891321E-4      0.0011158539229184075    0.010508                 -2152.151903237751
9.092569913994237E-4      0.0010971079766283508    0.010508                 -2373.8965643841448
9.535659248097153E-4      0.0010783620303382942    0.010508000000000002     -2576.1300156609122
9.97874858220007E-4       0.0010596160840482375    0.010508                 -2767.2878716257715
0.0010421837916302986     0.001040870137758181     0.010508                 -2947.3701322787183
0.0010864927250405902     0.001022124191468124     0.010508000000000002     -3116.3767976197573
0.0011308016584508818     0.0010033782451780676    0.010508                 -3274.307867648886
8.970342556968478E-4      0.0011593297356586921    0.010508                 -2310.8779618828985
9.413431891071394E-4      0.0011405837893686355    0.010508                 -2523.626696810003
9.856521225174312E-4      0.0011218378430785788    0.010508                 -2717.9990344066273
0.0010299610559277228     0.001103091896788522     0.010508                 -2901.295776691343
0.0010742699893380144     0.0010843459504984653    0.010508                 -3073.5169236641486
0.001118578922748306      0.0010656000042084087    0.010508                 -3234.6624753250435
9.291204534045635E-4      0.0012028055483989768    0.010508                 -2464.720567759625
9.734293868148552E-4      0.00118405960210892      0.010508                 -2667.7795445726974
0.0010177383202251468     0.0011653136558188633    0.010508                 -2854.2907684891798
0.0010620472536354384     0.0011465677095288066    0.010508                 -3029.726397093752
0.00110635618704573       0.00112782176323875      0.010508                 -3194.086430386415
9.612066511122794E-4      0.0012462813611392614    0.010508                 -2613.6797208679327
0.001005515584522571      0.0012275354148492046    0.010508                 -2806.3551076722297
0.0010498245179328626     0.001208789468559148     0.010508                 -2985.0052179085696
0.0010941334513431542     0.0011900435222690913    0.010508                 -3152.5797328329986
9.932928488199952E-4      0.0012897571738795458    0.010508                 -2757.7554212078203
0.0010376017822302868     0.0012710112275894892    0.010508                 -2939.3533861085994
0.0010819107156405784     0.0012522652812994323    0.010508                 -3110.1423826647956
0.0010253790465277108     0.0013332329866198305    0.010508                 -2896.94766877929
0.0010696879799380024     0.0013144870403297738    0.010508                 -3066.774379881806
0.0010574652442354266     0.001376708799360115     0.010508                 -3031.2564635823383
7.912541277462393E-4      0.0011174975130725244    0.010508                 -1743.9370030791883
8.233403254539551E-4      0.0011609733258128088    0.010508                 -1921.1995171357023
8.554265231616707E-4      0.0012044491385530935    0.010508000000000002     -2085.5889566833257
8.875127208693866E-4      0.0012479249512933781    0.010508                 -2245.7887753572727
9.195989185771024E-4      0.0012914007640336626    0.010508                 -2401.798973157544
9.516851162848182E-4      0.0013348765767739472    0.010508000000000002     -2553.6195500841395
9.837713139925338E-4      0.0013783523895142316    0.010508                 -2701.2505061370584
0.0010158575117002497     0.0014218282022545163    0.010508                 -2833.8197850786673
7.496463952110622E-4      0.0011626169159669256    0.010508                 -1506.6076193334716
7.81732592918778E-4       0.0012060927287072102    0.010508                 -1693.9830022745768
8.138187906264938E-4      0.0012495685414474949    0.010508                 -1862.9010101855313
8.459049883342095E-4      0.0012930443541877793    0.010508                 -2027.6293972228098
8.779911860419253E-4      0.001336520166928064     0.010508                 -2188.168163386412
9.100773837496411E-4      0.0013799959796683484    0.010508                 -2344.5173086763384
9.421635814573569E-4      0.001423471792408633     0.010508                 -2491.606531341683
7.080386626758851E-4      0.001207736318861327     0.010508                 -1266.098417272808
7.401248603836009E-4      0.0012512121316016114    0.010508                 -1462.0667440966592
7.722110580913168E-4      0.001294687944341896     0.010508                 -1635.5133203709447
8.042972557990324E-4      0.0013381637570821807    0.010508                 -1804.7702757715547
8.363834535067482E-4      0.0013816395698224653    0.010508                 -1969.8376102984882
8.68469651214464E-4       0.0014251153825627497    0.010508                 -2130.740631901875
6.664309301407081E-4      0.0012528557217557283    0.010508                 -1022.4093968971973
6.98517127848424E-4       0.0012963315344960127    0.010508                 -1225.4507426019493
7.306033255561397E-4      0.0013398073472362974    0.010508                 -1403.4258872395665
7.626895232638554E-4      0.0013832831599765818    0.010508                 -1577.211411003507
7.947757209715712E-4      0.0014267589727168664    0.010508                 -1751.2220867592441
6.248231976055312E-4      0.0012979751246501295    0.010508                 -775.5405582066401
6.569093953132469E-4      0.001341450937390414     0.010508                 -984.134997790448
6.889955930209626E-4      0.0013849267501306987    0.010508                 -1166.6387107913959
7.210817907286784E-4      0.0014284025628709832    0.010508                 -1353.0508959137896
5.832154650703541E-4      0.0013430945275445308    0.010508                 -525.4919012011355
6.153016627780698E-4      0.0013865703402848152    0.010508                 -738.1195096621537
6.473878604857856E-4      0.0014300461530250999    0.010508                 -936.2270593655121
5.41607732535177E-4       0.001388213930438932     0.010508                 -272.2634258806844
5.736939302428928E-4      0.0014316897431792166    0.010508                 -500.7505771144102
5.0E-4                    0.0014333333333333333    0.010508                 -23.310724580242717
0.001004663581457357      0.0014818051257419662    0.010508                 -2777.3357220524435
9.934696512144642E-4      0.0015417820492294163    0.010508000000000002     -2731.173888449568
9.822757209715712E-4      0.0016017589727168663    0.010508                 -2684.4622280324065
9.710817907286784E-4      0.0016617358962043164    0.010508                 -2637.200740800958
9.598878604857857E-4      0.0017217128196917663    0.010508000000000002     -2589.3894267552237
9.486939302428929E-4      0.0017816897431792162    0.010508                 -2541.028285895202
9.375E-4                  0.0018416666666666664    0.010508                 -2512.683243684529
9.309696512144641E-4      0.001483448715896083     0.010508                 -2437.6440857573166
9.197757209715712E-4      0.001543425639383533     0.010508                 -2388.20211510957
9.085817907286785E-4      0.001603402562870983     0.010508                 -2338.210317647537
8.973878604857856E-4      0.0016633794863584331    0.010508                 -2287.668693371217
8.861939302428928E-4      0.001723356409845883     0.010508                 -2236.5772422806112
8.75E-4                   0.001783333333333333     0.010508                 -2194.174257717128
8.572757209715713E-4      0.0014850923060501999    0.010508                 -2078.593658973673
8.460817907286783E-4      0.0015450692295376498    0.010508                 -2025.8715512810559
8.348878604857856E-4      0.0016050461530250997    0.010508                 -1972.599616774151
8.236939302428928E-4      0.0016650230765125498    0.010508                 -1918.7778554529596
8.125000000000001E-4      0.0017249999999999998    0.010508                 -1863.6484134165112
7.835817907286785E-4      0.0014867358962043164    0.010508                 -1700.1844417015136
7.723878604857856E-4      0.0015467128196917665    0.010508                 -1644.1821969640243
7.611939302428928E-4      0.0016066897431792164    0.010508                 -1587.6301254122484
7.5E-4                    0.0016666666666666666    0.010508                 -1521.1057107826791
7.098878604857857E-4      0.0014883794863584333    0.010508                 -1302.4164339408374
6.986939302428928E-4      0.0015483564098458832    0.010508                 -1243.1340521584766
6.875E-4                  0.0016083333333333331    0.010508                 -1166.546149815632
6.361939302428929E-4      0.0014900230765125498    0.010508                 -885.2896356916448
6.25E-4                   0.00155                  0.010508                 -799.9697305153695
5.625000000000001E-4      0.0014916666666666665    0.010508                 -421.376452881892
5.0E-4                    9.666666666666669E-4     0.010508                 -10.366739716126403
5.41607732535177E-4       9.79880597105599E-4      0.010508                 -269.9206001960249
5.0E-4                    0.0010250000000000003    0.010508                 0
5.41607732535177E-4       0.0010382139304389321    0.010508                 -255.13533243113397
5.832154650703541E-4      9.93094527544531E-4      0.010508                 -521.3289180651329
5.832154650703542E-4      0.0010514278608778642    0.010508000000000002     -507.8566754539841
6.248231976055312E-4      0.0010063084579834628    0.010508                 -769.7750631815138
6.248231976055312E-4      0.0010646417913167962    0.010508                 -758.16402906855
6.664309301407081E-4      0.001019522388422395     0.010508                 -1015.2590355451673
6.664309301407081E-4      0.0010778557217557283    0.010508                 -1006.057393274832
7.080386626758851E-4      0.001032736318861327     0.010508                 -1257.780835156094
7.080386626758851E-4      0.0010910696521946603    0.010508000000000002     -1251.5367680728298
7.496463952110622E-4      0.001045950249300259     0.010508                 -1497.3404620142933
7.496463952110623E-4      0.0011042835826335922    0.010508                 -1494.6021534625438
7.912541277462393E-4      0.001059164179739191     0.010508                 -1733.9379161197653
5.0E-4                    0.0010833333333333335    0.010508                 0
5.41607732535177E-4       0.0010965472637722655    0.010508                 -254.75828438354287
5.832154650703541E-4      0.0011097611942111976    0.010508                 -507.1025793588018
6.24823197605531E-4       0.0011229751246501296    0.010508                 -757.0328849257766
6.664309301407081E-4      0.0011361890550890615    0.010508                 -1004.5492010844674
7.080386626758852E-4      0.0011494029855279937    0.010508                 -1249.651527834874
5.0E-4                    0.0011416666666666667    0.010508                 0
5.41607732535177E-4       0.001154880597105599     0.010508                 -254.38123633595177
5.832154650703541E-4      0.0011680945275445308    0.010508                 -506.3484832636194
6.248231976055312E-4      0.0011813084579834628    0.010508                 -755.9017407830031
6.664309301407081E-4      0.0011945223884223949    0.010508                 -1003.0410088941028
5.0E-4                    0.0012000000000000001    0.010508                 0
5.41607732535177E-4       0.0012132139304389322    0.010508                 -254.00418828836058
5.832154650703541E-4      0.0012264278608778642    0.010508                 -505.59438716843715
6.248231976055312E-4      0.001239641791316796     0.010508                 -754.7705966402297
5.0E-4                    0.0012583333333333335    0.010508                 0
5.41607732535177E-4       0.0012715472637722654    0.010508                 -253.6271402407694
5.832154650703541E-4      0.0012847611942111974    0.010508                 -504.8402910732549
5.0E-4                    0.0013166666666666667    0.010508                 0
5.41607732535177E-4       0.0013298805971055988    0.010508                 -253.25009219317832
5.0E-4                    0.001375                 0.010508                 0
7.887034264521477E-4      0.0010247127438667066    0.010508                 -1717.1206299668208
7.470956939169706E-4      0.0010114988134277746    0.010508000000000002     -1484.656451094562
7.054879613817935E-4      9.982848829888425E-4     0.010508                 -1248.6819161251328
6.638802288466165E-4      9.850709525499105E-4     0.010508                 -1009.1970250585334
6.222724963114395E-4      9.718570221109785E-4     0.010508000000000002     -766.2017778947636
5.806647637762624E-4      9.586430916720466E-4     0.010508                 -519.6961746338234
5.390570312410855E-4      9.454291612331146E-4     0.010508                 -254.76321800441275
7.86152725158056E-4       9.902613079942222E-4     0.010508                 -1704.2350038959294
7.445449926228789E-4      9.770473775552902E-4     0.010508                 -1471.4731103333352
7.029372600877019E-4      9.638334471163581E-4     0.010508                 -1235.2008606735706
6.613295275525249E-4      9.506195166774263E-4     0.010508                 -995.4182549166355
6.197217950173479E-4      9.374055862384943E-4     0.010508                 -752.1252930625301
5.781140624821708E-4      9.241916557995622E-4     0.010508                 -491.47323806453664
7.836020238639644E-4      9.558098721217378E-4     0.010508                 -1691.326068249745
7.419942913287874E-4      9.425959416828058E-4     0.010508                 -1458.266459996815
7.003865587936103E-4      9.293820112438738E-4     0.010508                 -1221.696495646715
6.587788262584333E-4      9.161680808049418E-4     0.010508                 -981.6161751994446
6.171710937232563E-4      9.029541503660098E-4     0.010508                 -725.6801697545613
7.810513225698728E-4      9.213584362492535E-4     0.010508                 -1678.3938230282674
7.394435900346958E-4      9.081445058103215E-4     0.010508                 -1445.036500085002
6.978358574995187E-4      8.949305753713895E-4     0.010508                 -1208.1688210445664
6.562281249643416E-4      8.817166449324574E-4     0.010508                 -957.3840130744863
7.785006212757811E-4      8.869070003767691E-4     0.010508                 -1665.438268231497
7.368928887406042E-4      8.736930699378371E-4     0.010508                 -1431.783230597896
6.952851562054272E-4      8.604791394989051E-4     0.010508                 -1186.5847680243123
7.759499199816895E-4      8.524555645042847E-4     0.010508                 -1652.4594038594335
7.343421874465125E-4      8.392416340653526E-4     0.010508                 -1413.2824346040388
7.733992186875979E-4      8.180041286318003E-4     0.010508                 -1637.477012813666
5.0E-4                    0.0019                   0.010508                 0
5.0E-4                    0.0018416666666666666    0.010508                 0
5.625000000000001E-4      0.0018999999999999998    0.010508                 -398.8617695836429
5.625000000000001E-4      0.0018416666666666666    0.010508                 -398.1599251873866
5.0E-4                    0.0017833333333333334    0.010508                 0
5.625000000000001E-4      0.0017833333333333332    0.010508000000000002     -397.4580807911301
5.0E-4                    0.001725                 0.010508                 0
5.625000000000001E-4      0.001725                 0.010508                 -396.7562363948739
5.0E-4                    0.0016666666666666666    0.010508                 0
5.625000000000001E-4      0.0016666666666666666    0.010508                 -396.0543919986175
5.0E-4                    0.0016083333333333334    0.010508                 0
5.625000000000001E-4      0.0016083333333333331    0.010508000000000002     -395.3525476023612
5.0E-4                    0.00155                  0.010508                 0
5.625000000000001E-4      0.00155                  0.010508                 -394.65070320610477
5.0E-4                    0.0014916666666666667    0.010508                 0
6.25E-4                   0.0019                   0.010508                 -785.6344769214026
6.25E-4                   0.0018416666666666666    0.010508                 -784.2307881288901
6.25E-4                   0.0017833333333333332    0.010508                 -782.8270993363776
6.25E-4                   0.001725                 0.010508                 -781.4234105438649
6.25E-4                   0.0016666666666666666    0.010508                 -780.0197217513521
6.25E-4                   0.0016083333333333334    0.010508                 -778.6160329588394
6.875E-4                  0.0018999999999999998    0.010508                 -1160.31812201328
6.875E-4                  0.0018416666666666666    0.010508                 -1158.2125888245107
6.875E-4                  0.0017833333333333332    0.010508                 -1156.1070556357417
6.875E-4                  0.0017249999999999998    0.010508                 -1154.0015224469728
6.875E-4                  0.0016666666666666666    0.010508                 -1151.8959892582038
7.5E-4                    0.0018999999999999998    0.010508                 -1522.912704859274
7.5E-4                    0.0018416666666666664    0.010508                 -1520.1053272742488
7.5E-4                    0.001783333333333333     0.010508                 -1517.2979496892228
7.5E-4                    0.0017249999999999998    0.010508                 -1514.490572104198
8.125000000000001E-4      0.0018999999999999998    0.010508                 -1873.4182254593852
8.125000000000001E-4      0.0018416666666666664    0.010508                 -1869.9090034781038
8.125000000000001E-4      0.001783333333333333     0.010508                 -1866.3997814968218
8.75E-4                   0.0018999999999999996    0.010508                 -2211.8346838136135
8.75E-4                   0.0018416666666666664    0.010508                 -2207.6236174360756
9.375E-4                  0.0018999999999999998    0.010508                 -2538.162079921959
0.0020625                 5.000000000000001E-4     0.010508000000000002     -2478.791701356279
0.0020796564879067858     5.581269128531722E-4     0.010508000000000002     -2398.3940133366627
0.002125                  5.000000000000001E-4     0.010508                 -2167.416635195931
0.002142156487906786      5.581269128531722E-4     0.010508000000000002     -2082.955742513966
0.0021875                 5.0E-4                   0.010508                 -1842.7366380028238
0.002204656487906786      5.581269128531722E-4     0.010508000000000002     -1754.2125406585094
0.0022500000000000003     5.0E-4                   0.010508                 -1504.7517097769576
0.002267156487906786      5.581269128531722E-4     0.010508000000000002     -1412.1644077702936
0.0023125000000000003     5.0E-4                   0.010508                 -1153.4618505183319
0.002329656487906786      5.581269128531722E-4     0.010508000000000002     -1056.8113438493192
0.002375                  5.0E-4                   0.010508                 -788.8670602269474
0.002392156487906786      5.581269128531721E-4     0.010508                 -688.1533488955848
0.0024375000000000004     5.0E-4                   0.010508                 -410.96733890280325
0.002454656487906786      5.581269128531721E-4     0.010508                 -293.7658048968299
0.0025                    5.0E-4                   0.010508                 -9.88134327295172
0.0020968129758135714     6.162538257063443E-4     0.010508                 -2316.7681527082023
0.0021593129758135715     6.162538257063443E-4     0.010508                 -1997.266677223156
0.0022218129758135715     6.162538257063443E-4     0.010508                 -1664.4602707053502
0.0022843129758135716     6.162538257063443E-4     0.010508                 -1318.3489331547858
0.0023468129758135716     6.162538257063443E-4     0.010508                 -958.9326645714619
0.0024093129758135713     6.162538257063443E-4     0.010508                 -572.7495732623689
0.0021139694637203575     6.743807385595165E-4     0.010508                 -2233.9141194708977
0.002176469463720357      6.743807385595165E-4     0.010508                 -1910.349439323502
0.002238969463720357      6.743807385595165E-4     0.010508                 -1573.4798281433473
0.0023014694637203572     6.743807385595164E-4     0.010508                 -1223.3052859304335
0.0023639694637203573     6.743807385595164E-4     0.010508                 -846.8326483695687
0.0021311259516271427     7.325076514126886E-4     0.010508                 -2149.831913624749
0.002193625951627143      7.325076514126886E-4     0.010508                 -1822.2040288150044
0.002256125951627143      7.325076514126886E-4     0.010508                 -1481.2712129725005
0.002318625951627143      7.325076514126886E-4     0.010508                 -1116.0150302184293
0.002148282439533929      7.906345642658607E-4     0.010508                 -2064.5215351697557
0.0022107824395339285     7.906345642658607E-4     0.010508                 -1732.830445697662
0.0022732824395339285     7.906345642658607E-4     0.010508                 -1380.2967188089506
0.0021654389274407145     8.487614771190328E-4     0.010508                 -1977.9829841059193
0.0022279389274407146     8.487614771190328E-4     0.010508                 -1639.677714141133
0.0021825954153475        9.068883899722049E-4     0.010508                 -1894.1580162149762
0.0024999999999999996     9.083333333333333E-4     0.010507999999999998     6.864322991306336E-13
0.0024546564879067852     9.081269128531722E-4     0.010507999999999998     -282.2202077788876
0.002409312975813571      9.079204923730111E-4     0.010507999999999998     -560.7527163932282
0.002363969463720357      9.077140718928497E-4     0.010507999999999998     -835.597525843021
0.0023186259516271425     9.075076514126887E-4     0.010507999999999998     -1106.754636128266
0.0022732824395339285     9.073012309325273E-4     0.010508                 -1374.2240472489632
0.002227938927440714      9.070948104523662E-4     0.010507999999999998     -1638.0057592051126
0.0024999999999999996     8.5E-4                   0.010507999999999997     2.866076223483469E-13
0.0024546564879067852     8.497935795198389E-4     0.010507999999999997     -282.073704296501
0.0024093129758135713     8.495871590396776E-4     0.010508                 -560.4597094284544
0.0023639694637203573     8.493807385595164E-4     0.010508                 -835.1580153958599
0.002318625951627143      8.491743180793552E-4     0.010508                 -1106.1686221987177
0.0022732824395339285     8.48967897599194E-4      0.010508                 -1373.4915298370279
0.0024999999999999996     7.916666666666666E-4     0.010507999999999997     -4.291560543461979E-13
0.0024546564879067857     7.914602461865055E-4     0.010507999999999998     -281.9272008141144
0.0024093129758135713     7.912538257063442E-4     0.010507999999999998     -560.1667024636806
0.002363969463720357      7.910474052261831E-4     0.010507999999999998     -834.7185049486991
0.002318625951627143      7.908409847460218E-4     0.010508                 -1105.58260826917
0.0024999999999999996     7.333333333333333E-4     0.010507999999999998     -8.067913645006151E-13
0.0024546564879067857     7.331269128531721E-4     0.010507999999999998     -281.78069733172765
0.0024093129758135717     7.329204923730109E-4     0.010508                 -559.8736954989067
0.002363969463720357      7.327140718928497E-4     0.010508                 -834.2789945015379
0.0025                    6.75E-4                  0.010508                 -1.3127077855161898E-12
0.0024546564879067857     6.747935795198388E-4     0.010508                 -281.63419384934105
0.0024093129758135717     6.745871590396776E-4     0.010508                 -559.5806885341328
0.0024999999999999996     6.166666666666666E-4     0.010507999999999998     -2.0253221020389486E-12
0.0024546564879067857     6.164602461865055E-4     0.010507999999999998     -281.48769036695455
0.0025                    5.583333333333333E-4     0.010508                 -2.3296782915081534E-12
7.733992186875979E-4      7.596707952984669E-4     0.010508                 -1640.6896370935488
7.343421874465125E-4      7.809083007320192E-4     0.010508                 -1407.7788613973148
6.952851562054272E-4      8.021458061655718E-4     0.010508000000000002     -1178.318902285445
6.562281249643416E-4      8.233833115991241E-4     0.010508                 -946.7910027251684
6.171710937232563E-4      8.446208170326765E-4     0.010508                 -713.1951627164857
5.781140624821709E-4      8.658583224662288E-4     0.010508000000000002     -477.53138225939676
5.390570312410854E-4      8.870958278997811E-4     0.010508                 -239.79966135390146
5.0E-4                    9.083333333333335E-4     0.010508                 0
7.343421874465125E-4      7.225749673986859E-4     0.010508                 -1417.3152304943521
6.952851562054271E-4      7.438124728322384E-4     0.010508                 -1178.0861053893896
6.562281249643417E-4      7.650499782657907E-4     0.010508                 -946.6047652083244
6.171710937232563E-4      7.86287483699343E-4      0.010508                 -713.0554845788527
5.781140624821708E-4      8.075249891328955E-4     0.010508                 -477.4382635009747
5.390570312410854E-4      8.287624945664478E-4     0.010508                 -239.75310197469048
5.0E-4                    8.500000000000002E-4     0.010508                 0
6.952851562054272E-4      6.85479139498905E-4      0.010508                 -1190.514977256109
6.562281249643416E-4      7.067166449324573E-4     0.010508                 -946.4185276914802
6.171710937232563E-4      7.279541503660096E-4     0.010508                 -712.9158064412197
5.781140624821709E-4      7.49191655799562E-4      0.010508                 -477.34514474255263
5.390570312410854E-4      7.704291612331145E-4     0.010508                 -239.7065425954795
5.0E-4                    7.916666666666669E-4     0.010508                 0
6.562281249643416E-4      6.48383311599124E-4      0.010508                 -960.2888773788195
6.171710937232563E-4      6.696208170326763E-4     0.010508                 -712.7761283035866
5.781140624821708E-4      6.908583224662288E-4     0.010508                 -477.2520259841307
5.390570312410854E-4      7.120958278997811E-4     0.010508                 -239.65998321626847
5.0E-4                    7.333333333333334E-4     0.010508                 0
6.171710937232563E-4      6.11287483699343E-4      0.010508                 -726.6369308624842
5.781140624821709E-4      6.325249891328954E-4     0.010508                 -477.1589072257087
5.390570312410854E-4      6.537624945664477E-4     0.010508                 -239.61342383705744
5.0E-4                    6.75E-4                  0.010508                 0
5.781140624821708E-4      5.741916557995619E-4     0.010508                 -489.55913770710197
5.390570312410854E-4      5.954291612331144E-4     0.010508                 -239.56686445784646
5.0E-4                    6.166666666666667E-4     0.010508                 0
5.390570312410855E-4      5.37095827899781E-4      0.010508                 -249.05549791267396
5.0E-4                    5.583333333333334E-4     0.010508                 0
5.0E-4                    5.0E-4                   0.010508                 -5.126011479199519
7.968421874465125E-4      7.22574967398686E-4      0.010508                 -1772.9653514148315
7.577851562054271E-4      6.85479139498905E-4      0.010508000000000002     -1557.5083951054985
7.187281249643417E-4      6.483833115991241E-4     0.010508                 -1337.1745672080576
6.796710937232562E-4      6.11287483699343E-4      0.010508                 -1111.9638677225084
6.406140624821709E-4      5.741916557995619E-4     0.010508000000000002     -881.876296648851
6.015570312410854E-4      5.370958278997811E-4     0.010508                 -646.9118539870856
5.625E-4                  5.0E-4                   0.010508                 -407.0705397372119
8.202851562054271E-4      6.854791394989051E-4     0.010508000000000002     -1897.1330932625415
7.812281249643417E-4      6.48383311599124E-4      0.010508                 -1685.29661890354
7.421710937232562E-4      6.11287483699343E-4      0.010508                 -1468.5832729564302
7.031140624821708E-4      5.741916557995619E-4     0.010508                 -1246.993055421213
6.640570312410854E-4      5.37095827899781E-4      0.010508000000000002     -1020.5259662978868
6.249999999999999E-4      5.0E-4                   0.010508                 -789.1820055864523
8.437281249643416E-4      6.48383311599124E-4      0.010508                 -2018.71161966945
8.046710937232562E-4      6.11287483699343E-4      0.010508                 -1810.4956272607803
7.656140624821708E-4      5.741916557995619E-4     0.010508                 -1597.4027632640018
7.265570312410853E-4      5.370958278997811E-4     0.010508                 -1379.433027679115
6.875E-4                  5.0E-4                   0.010508                 -1156.5864205061205
8.671710937232562E-4      6.11287483699343E-4      0.010508                 -2137.700930635558
8.281140624821707E-4      5.741916557995619E-4     0.010508                 -1933.105420177218
7.890570312410854E-4      5.37095827899781E-4      0.010508                 -1723.6330381307712
7.499999999999999E-4      5.0E-4                   0.010508                 -1509.2837844962155
8.906140624821708E-4      5.741916557995619E-4     0.010508                 -2254.101026160863
8.515570312410853E-4      5.37095827899781E-4      0.010508                 -2053.125997652856
8.124999999999999E-4      5.0E-4                   0.010508                 -1847.2740975567397
9.140570312410853E-4      5.37095827899781E-4      0.010508                 -2367.9119062453665
8.749999999999998E-4      5.0E-4                   0.010508                 -2170.55735968769
9.374999999999997E-4      5.0E-4                   0.010508000000000002     -2479.1335708890683
