% Model:              stripline_filter_simple_decomp_new_mesh.mph
% Version:            COMSOL 6.1.0.252
% Date:               May 4 2023, 12:53
% Dimension:          3
% Nodes:              953
% Expressions:        1
% Description:        Surface
% X                       Y                        Z                        real(emw.Ex)
0.0019354009108757384     0.0012544340293143602    0.010508                 -11.076083748702194
0.001960632284923057      0.0012182566885032373    0.010508                 -76.10576718594831
0.0020059757970162712     0.0012767964423167318    0.010508                 -36.794425678834386
0.0020312071710635897     0.001240619101505609     0.010508                 -35.20410756961593
0.0019858636589703753     0.0011820793476921144    0.010508                 -90.04293577372152
0.0020564385451109076     0.001204441760694486     0.010508000000000002     -37.480239893905974
0.0020110950330176937     0.0011459020068809915    0.010508                 -97.33914751142618
0.0020816699191582265     0.0011682644198833631    0.010508                 -34.2873897597444
0.002036326407065012      0.0011097246660698686    0.010508                 -97.99440239906403
0.002106901293205545      0.0011320870790722402    0.010508                 -25.625557167130694
0.0020615577811123305     0.0010735473252587457    0.010508                 -92.0087004366336
0.002132132667252863      0.0010959097382611173    0.010508000000000002     -11.494742116066199
0.002086789155159649      0.0010373699844476228    0.010508                 -79.3820416241357
0.0021573640413001817     0.0010597323974499947    0.010508                 8.10505539345013
0.0021120205292069674     0.0010011926436365       0.010508                 -60.11442596156934
0.0021825954153475        0.0010235550566388718    0.010508                 27.698184096449886
0.0021372519032542858     9.650153028253771E-4     0.010508                 -17.85086172432933
0.002076550683156804      0.0012991588553191034    0.010508                 -9.491032475933082
0.002101782057204122      0.0012629815145079808    0.010508                 -7.847078834480499
0.002127013431251441      0.0012268041736968579    0.010508                 -5.355898494046642
0.0021522448052987593     0.0011906268328857347    0.010508                 2.6042643048383525
0.0021774761793460777     0.001154449492074612     0.010508                 16.03340956217494
0.0022027075533933957     0.0011182721512634892    0.010508                 34.93153727796334
0.0022279389274407146     0.0010820948104523663    0.010508                 46.36566817578678
0.0021471255692973364     0.0013215212683214753    0.010508                 9.58617868435374
0.002172356943344655      0.0012853439275103524    0.010508                 11.526646393838291
0.0021975883173919733     0.0012491665866992295    0.010508                 18.78513939899517
0.0022228196914392917     0.0012129892458881066    0.010508                 31.51261486260387
0.00224805106548661       0.0011768119050769837    0.010508                 49.70907278466393
0.0022732824395339285     0.0011406345642658608    0.010508                 54.58689595254913
0.0022177004554378692     0.0013438836813238469    0.010508                 20.43720780202443
0.0022429318294851877     0.001307706340512724     0.010508                 22.917068115340726
0.002268163203532506      0.001271528999701601     0.010508                 34.94287378522063
0.0022933945775798245     0.0012353516588904782    0.010508                 52.43766191355235
0.002318625951627143      0.0011991743180793553    0.010508                 52.36186742673683
0.002288275341578402      0.0013662460943262185    0.010508                 23.062054877080186
0.0023135067156257205     0.0013300687535150956    0.010508                 26.324186330026123
0.002338738089673039      0.0012938914127039727    0.010508                 43.1173046646295
0.0023639694637203573     0.0012577140718928498    0.010508                 39.69058259835101
0.0023588502277189344     0.00138860850732859      0.010508                 17.460719909520265
0.002384081601766253      0.0013524311665174672    0.010508                 21.748001037894483
0.0024093129758135713     0.0013162538257063443    0.010508                 16.573041467391093
0.0024294251138594677     0.0014109709203309617    0.010508                 3.633202899345349
0.002454656487906786      0.0013747935795198388    0.010508                 -16.99075596614347
0.0025                    0.0014333333333333333    0.010508                 5.586539939178298
0.001901236236607809      0.0012086840128934593    0.010508                 42.80870703756375
0.0019264676106551274     0.0011725066720823364    0.010508                 -26.46549181565115
0.0018670715623398796     0.0011629339964725584    0.010508                 75.45765256867094
0.0018923029363871978     0.0011267566556614355    0.010508000000000002     14.127823686841111
0.0018329068880719498     0.0011171839800516578    0.010508                 92.98927204969618
0.0018581382621192684     0.0010810066392405347    0.010508                 40.11285194714765
0.0017987422138040204     0.001071433963630757     0.010508                 95.40356548064665
0.001823973587851339      0.0010352566228196338    0.010508                 51.48959296526755
0.001764577539536091      0.001025683947209856     0.010508                 82.7005328615162
0.0017898089135834092     9.895066063987331E-4     0.010508000000000002     48.25804674120354
0.0017304128652681616     9.799339307889551E-4     0.010508                 54.88017419230914
0.0017556442393154798     9.437565899778322E-4     0.010508                 30.418213274952905
0.001696248191000232      9.341839143680543E-4     0.010508                 11.942489473023102
0.0017214795650475504     8.980065735569314E-4     0.010508                 1.938331841120771
0.0016620835167323025     8.884338979471534E-4     0.010508                 9.31678049769163
0.0019516989847024459     0.0011363293312712135    0.010508                 -48.13208508992693
0.0019175343104345165     0.0010905793148503126    0.010508                 -8.37447067517678
0.0018833696361665866     0.0010448292984294118    0.010508                 16.77485649738719
0.0018492049618986572     9.99079282008511E-4      0.010508                 27.315896427765438
0.0018150402876307278     9.533292655876102E-4     0.010508                 23.24864911595887
0.0017808756133627984     9.075792491667093E-4     0.010508                 7.368227080456336
0.0019769303587497643     0.0011001519904600906    0.010508                 -61.985747122516386
0.0019427656844818349     0.0010544019740391897    0.010508                 -23.063833795510618
0.0019086010102139052     0.001008651957618289     0.010508                 1.2497922893112445
0.0018744363359459758     9.629019411973882E-4     0.010508                 10.955131131948292
0.0018402716616780462     9.171519247764873E-4     0.010508                 7.662233797850831
0.0020021617327970827     0.0010639746496489677    0.010508                 -68.02647791342451
0.001967997058529153      0.001018224633228067     0.010508                 -29.94026567415949
0.0019338323842612237     9.724746168071662E-4     0.010508                 -6.462340677079737
0.001899667709993294      9.267246003862653E-4     0.010508                 2.8203519933030066
0.002027393106844401      0.0010277973088378448    0.010508                 -66.25427746264813
0.0019932284325764717     9.820472924169442E-4     0.010508                 -29.00376631112408
0.001959063758308542      9.362972759960432E-4     0.010508                 -7.157418333186001
0.0020526244808917195     9.916199680267222E-4     0.010508                 -56.66914577018542
0.00201845980662379       9.458699516058212E-4     0.010508                 -22.271077181617045
0.002077855854939038      9.554426272155992E-4     0.010508                 -42.52062455198944
0.0024999999999999996     9.666666666666667E-4     0.010507999999999997     22.76216755225836
0.0024999999999999996     0.0010249999999999999    0.010507999999999998     8.931059596963156
0.0024546564879067857     9.664602461865055E-4     0.010507999999999998     20.301156897480922
0.0024546564879067857     0.0010247935795198388    0.010507999999999998     10.92447934810577
0.0024999999999999996     0.0010833333333333333    0.010507999999999997     -4.797711550379388
0.0024546564879067857     0.0010831269128531722    0.010507999999999998     1.6528867416603243
0.0024999999999999996     0.0011416666666666667    0.010507999999999997     -18.424145889766447
0.0024546564879067857     0.0011414602461865054    0.010507999999999998     -7.516369056830312
0.0024999999999999996     0.0012000000000000001    0.010507999999999998     -31.948243421196874
0.0024546564879067857     0.0011997935795198388    0.010507999999999998     -16.583288047364896
0.0025                    0.0012583333333333333    0.010508                 -45.37000414467261
0.002454656487906786      0.0012581269128531722    0.010508                 -25.547870229943417
0.0024999999999999996     0.0013166666666666667    0.010507999999999998     -58.689428060191844
0.0024546564879067857     0.0013164602461865054    0.010507999999999998     -34.41011560456634
0.0025                    0.001375                 0.010508                 -71.90651516775593
0.0024093129758135713     9.662538257063443E-4     0.010507999999999997     17.810287494974297
0.0024093129758135713     0.0010245871590396777    0.010507999999999997     12.886353145749613
0.0024093129758135713     0.0010829204923730109    0.010508                 8.071939080200021
0.0024093129758135713     0.0011412538257063443    0.010508                 3.3598618226063692
0.0024093129758135713     0.0011995871590396777    0.010508                 -1.249878627031451
0.0024093129758135713     0.001257920492373011     0.010508                 -5.757282268713215
0.002363969463720357      9.660474052261832E-4     0.010507999999999997     15.289559344738361
0.002363969463720357      0.0010243807385595164    0.010507999999999998     14.816680989894007
0.002363969463720357      0.0010827140718928498    0.010507999999999998     14.45944546524163
0.002363969463720357      0.0011410474052261832    0.010507999999999998     14.204546748544287
0.0023639694637203573     0.0011993807385595164    0.010508                 14.051984839802998
0.002318625951627143      9.658409847460218E-4     0.010507999999999998     12.73897244677319
0.002318625951627143      0.0010241743180793553    0.010507999999999998     16.71546288053964
0.002318625951627143      0.0010825076514126887    0.010508                 20.815405896783336
0.002318625951627143      0.0011408409847460219    0.010508                 25.017685720983437
0.0022732824395339285     9.656345642658606E-4     0.010508                 10.158526801078807
0.0022732824395339285     0.001023967897599194     0.010508                 18.582698817686044
0.0022732824395339285     0.0010823012309325274    0.010508                 27.139820374826503
0.002227938927440714      9.654281437856994E-4     0.010507999999999998     7.5482224076552455
0.002227938927440714      0.0010237614771190329    0.010507999999999998     20.41838880133357
0.0021825954153475        9.652217233055383E-4     0.010508                 4.908059266502361
0.0019434757970162712     0.001335129775650065     0.010508                 14.027272049053863
0.002014050683156804      0.0013574921886524366    0.010508                 -22.601286358749576
0.0020846255692973364     0.0013798546016548082    0.010508000000000002     -6.414650692211353
0.002155200455437869      0.0014022170146571799    0.010508                 1.3029243959128962
0.002225775341578402      0.0014245794276595515    0.010508                 0.5514389056231721
0.002296350227718935      0.0014469418406619235    0.010508000000000002     -8.669107163080412
0.0023669251138594676     0.0014693042536642951    0.010508                 -26.358713810197887
0.0024375000000000004     0.0014916666666666667    0.010508                 10.918782012525412
0.001951550683156804      0.00141582552198577      0.010508                 16.364410342741508
0.0020221255692973363     0.0014381879349881417    0.010508                 -3.0417278814941255
0.002092700455437869      0.0014605503479905135    0.010508                 -2.6855268838089614
0.002163275341578402      0.001482912760992885     0.010508                 -10.798386464537316
0.0022338502277189348     0.0015052751739952567    0.010508                 -27.38030662367987
0.0023044251138594676     0.0015276375869976283    0.010508                 -52.431287361236514
0.002375                  0.00155                  0.010508                 -33.32101086061823
0.0019596255692973363     0.001496521268321475     0.010508                 13.294776234976325
0.002030200455437869      0.0015188836813238467    0.010508                 12.54881686097201
0.002100775341578402      0.0015412460943262183    0.010508                 -2.925416810195202
0.0021713502277189347     0.00156360850732859      0.010508                 -26.868711059776786
0.0022419251138594675     0.0015859709203309615    0.010508                 -59.281065887772
0.0023125000000000003     0.0016083333333333331    0.010508                 -60.54548903882312
0.001967700455437869      0.00157721701465718      0.010508                 4.818369725759112
0.002038275341578402      0.0015995794276595517    0.010508                 24.170347868649287
0.0021088502277189346     0.0016219418406619233    0.010508                 -7.134320471370984
0.0021794251138594675     0.001644304253664295     0.010508                 -46.908049389805
0.0022500000000000003     0.0016666666666666666    0.010508                 -70.75465252208812
0.0019757753415784018     0.0016579127609928847    0.010508                 -9.064809184909791
0.0020463502277189346     0.0016802751739952565    0.010508                 31.822865141537704
0.0021169251138594674     0.0017026375869976281    0.010508                 -15.312237867335199
0.0021875                 0.0017249999999999998    0.010508                 -63.948501310414144
0.0019838502277189345     0.00173860850732859      0.010508                 -28.354760497030497
0.0020544251138594673     0.0017609709203309616    0.010508                 35.50636867963732
0.002125                  0.0017833333333333332    0.010508                 -40.127035403800846
0.0019919251138594673     0.001819304253664295     0.010508                 -53.05148421060335
0.0020625                 0.0018416666666666666    0.010508                 0.7097451977524543
0.002                     0.0018999999999999998    0.010508                 -41.57749016281341
0.0025                    0.0019                   0.010508                 0
0.0024375000000000004     0.0018999999999999998    0.010508                 2.0398208707000843E-13
0.0025                    0.0018416666666666666    0.010508                 19.987587827614675
0.0024375                 0.0018416666666666666    0.010508                 12.303451268320941
0.002375                  0.0019                   0.010508                 5.02686300560759E-13
0.002375                  0.0018416666666666666    0.010508000000000002     4.619314709026753
0.0023125000000000003     0.0018999999999999998    0.010508                 9.671542352878088E-13
0.0023125                 0.0018416666666666666    0.010508                 -3.064821850267208
0.0022500000000000003     0.0018999999999999998    0.010508                 1.1761803699939952E-12
0.00225                   0.0018416666666666666    0.010508                 -10.748958409561283
0.0021875                 0.0018999999999999998    0.010508                 1.5550688756769644E-12
0.0021874999999999998     0.0018416666666666664    0.010508000000000002     -18.433094968855357
0.002125                  0.0018999999999999998    0.010508                 1.717679345068474E-12
0.002125                  0.0018416666666666666    0.010508                 -26.117231528149205
0.0020625                 0.0019                   0.010508                 2.077931366782436E-12
0.0025                    0.0017833333333333334    0.010508                 39.4147369020169
0.0024375                 0.0017833333333333334    0.010508                 24.046463783428408
0.002375                  0.0017833333333333334    0.010508                 8.678190664840486
0.0023125                 0.0017833333333333334    0.010508                 -6.690082453747664
0.0022500000000000003     0.0017833333333333332    0.010508                 -22.058355572335813
0.0021875                 0.0017833333333333332    0.010508                 -37.42662869092419
0.0025                    0.001725                 0.010508                 58.28144722320667
0.0024375                 0.001725                 0.010508                 35.22903754532422
0.002375                  0.001725                 0.010508                 12.176627867441539
0.0023125                 0.001725                 0.010508                 -10.875781810440913
0.0022500000000000003     0.001725                 0.010508                 -33.92819148832359
0.0025                    0.0016666666666666666    0.010508                 76.58771879118399
0.0024375                 0.0016666666666666666    0.010508                 45.851172554007235
0.0023750000000000004     0.0016666666666666666    0.010508                 15.114626316830481
0.0023125000000000003     0.0016666666666666666    0.010508                 -15.621919920346954
0.0025                    0.0016083333333333334    0.010508                 94.33355160594829
0.0024375                 0.0016083333333333334    0.010508                 55.91286880947723
0.0023750000000000004     0.0016083333333333331    0.010508                 17.492186013006176
0.0025                    0.00155                  0.010508                 111.51894566750059
0.0024375                 0.00155                  0.010508                 65.41412631173512
0.0025                    0.0014916666666666667    0.010508                 128.14390097583987
0.0021200954153475        9.06888389972205E-4      0.010508                 12.280957273098238
0.0020606993670322523     8.97315714362427E-4      0.010508                 -8.931621639771038
0.0020013033187170045     8.877430387526491E-4     0.010508000000000002     -3.761132692653973
0.0019419072704017564     8.781703631428712E-4     0.010508                 -3.73846696440296
0.0018825112220865086     8.685976875330932E-4     0.010508                 -8.863624455018453
0.0018231151737712603     8.590250119233152E-4     0.010508000000000002     -19.136605164501248
0.0017637191254560125     8.494523363135372E-4     0.010508                 -34.557409092849696
0.0017043230771407647     8.398796607037593E-4     0.010508                 -29.60612752521797
0.0021029389274407144     8.487614771190328E-4     0.010508                 39.396652542710854
0.0020435428791254666     8.391888015092548E-4     0.010508000000000002     19.61683201213782
0.0019841468308102184     8.29616125899477E-4      0.010508                 8.475462295261423
0.0019247507824949705     8.20043450289699E-4      0.010508                 -7.813730640480571
0.0018653547341797227     8.10470774679921E-4      0.010508                 -29.250746795089025
0.0018059586858644747     8.00898099070143E-4      0.010508000000000002     -55.83558616856408
0.0017465626375492269     7.91325423460365E-4      0.010508                 -76.48417182153753
0.002085782439533929      7.906345642658607E-4     0.010508                 59.76231670716447
0.0020263863912186805     7.810618886560829E-4     0.010508                 39.87519468778737
0.001966990342903433      7.714892130463049E-4     0.010508                 12.421966306918875
0.0019075942945881849     7.619165374365269E-4     0.010508                 -20.17908529281685
0.001848198246272937      7.523438618267489E-4     0.010508                 -57.92796011141809
0.001788802197957689      7.427711862169709E-4     0.010508                 -103.45304428207032
0.0020686259516271427     7.325076514126886E-4     0.010508                 73.37794976645978
0.0020092299033118953     7.229349758029106E-4     0.010508                 51.843466387177614
0.001949833854996647      7.133623001931327E-4     0.010508                 8.078379342315998
0.0018904378066813992     7.037896245833547E-4     0.010508                 -40.83453092141144
0.0018310417583661514     6.942169489735767E-4     0.010508                 -110.51274490681749
0.0020514694637203575     6.743807385595165E-4     0.010508                 80.24355172059677
0.001992073415405109      6.648080629497385E-4     0.010508                 55.52164711030832
0.0019326773670898614     6.552353873399606E-4     0.010508                 -4.555298598545846
0.0018732813187746136     6.456627117301826E-4     0.010508                 -97.66327369577698
0.0020343129758135714     6.162538257063444E-4     0.010508                 80.35912256957522
0.0019749169274983235     6.066811500965664E-4     0.010508                 50.90973685718046
0.0019155208791830757     5.971084744867885E-4     0.010508                 -64.90463064895152
0.0020171564879067857     5.581269128531722E-4     0.010508000000000002     73.72466231339445
0.001957760439591538      5.485542372433943E-4     0.010508000000000002     -12.236815766339078
0.002                     5.000000000000001E-4     0.010508000000000002     40.22678063470512
0.0015                    0.0018999999999999996    0.010507999999999998     -76.05840919789132
0.0015086518436101498     0.001837649416529337     0.010507999999999998     -129.12634570110737
0.0015625                 0.0018999999999999998    0.010507999999999998     2.0499960045513736E-12
0.0015711518436101499     0.0018376494165293369    0.010508                 -25.76102546271659
0.0015173036872202996     0.0017752988330586744    0.010508                 -139.18325449745552
0.0015798036872202994     0.0017752988330586744    0.010507999999999998     -47.24743762295975
0.0015259555308304489     0.001712948249588012     0.010507999999999998     -144.25834018588432
0.0015884555308304492     0.0017129482495880119    0.010507999999999998     -64.45923648072767
0.0015346073744405987     0.0016505976661173494    0.010508                 -144.35160276639147
0.001597107374440599      0.0016505976661173494    0.010508                 -77.39642203602125
0.0015432592180507484     0.001588247082646687     0.010508                 -139.4630422389779
0.0016057592180507483     0.001588247082646687     0.010508                 -86.05899428883731
0.0015519110616608982     0.0015258964991760246    0.010507999999999998     -129.5926586036429
0.001614411061660898      0.0015258964991760244    0.010508                 -90.44695323917955
0.0015605629052710477     0.001463545915705362     0.010508                 -114.74045186038784
0.0016230629052710478     0.001463545915705362     0.010508                 -31.855668664290647
0.0015692147488811975     0.0014011953322346994    0.010508                 -62.071973117370675
0.0016250000000000001     0.0018999999999999996    0.010508                 2.3265997641023632E-12
0.0016336518436101497     0.001837649416529337     0.010508                 -6.230269282804215
0.0016423036872202995     0.0017752988330586746    0.010508                 -8.185925263136369
0.001650955530830449      0.001712948249588012     0.010508                 -5.866967940992367
0.0016596073744405988     0.0016505976661173496    0.010508                 0.7266026836274753
0.0016682592180507483     0.001588247082646687     0.010508                 11.594786610722167
0.001676911061660898      0.0015258964991760246    0.010508                 55.1693612959624
0.0016875                 0.0018999999999999998    0.010507999999999998     2.8312308459115786E-12
0.0016961518436101497     0.0018376494165293373    0.010507999999999998     13.300486897106964
0.0017048036872202995     0.0017752988330586748    0.010508                 30.875587096687987
0.001713455530830449      0.0017129482495880123    0.010507999999999998     52.72530059874339
0.0017221073744405988     0.0016505976661173496    0.010508                 78.84962740327455
0.0017307592180507484     0.001588247082646687     0.010508                 107.95456450015308
0.00175                   0.0018999999999999998    0.010508                 2.190225780702195E-12
0.0017586518436101498     0.001837649416529337     0.010508                 32.83124307701877
0.0017673036872202993     0.0017752988330586746    0.010508                 69.93709945651153
0.0017759555308304491     0.0017129482495880123    0.010508                 111.31756913847994
0.0017846073744405989     0.0016505976661173496    0.010508                 126.49994094827832
0.0018125                 0.0018999999999999996    0.010508                 2.544706722545232E-12
0.0018211518436101496     0.001837649416529337     0.010508                 52.361999256931426
0.0018298036872202994     0.0017752988330586746    0.010508                 108.9986118163365
0.0018384555308304492     0.001712948249588012     0.010508                 110.80549064033858
0.001875                  0.0018999999999999998    0.010507999999999998     1.83697260618641E-12
0.0018836518436101497     0.0018376494165293373    0.010508                 71.89275543684312
0.0018923036872202995     0.0017752988330586748    0.010508                 60.87121357633339
0.0019375                 0.0018999999999999998    0.010508                 1.4087594786390069E-12
0.0019461518436101497     0.0018376494165293373    0.010508                 -23.30289024373735
0.001889627640626421      0.0012727791921794025    0.010508                 30.859329389188105
0.0018977025267669537     0.0013534749385151076    0.010508                 43.31650396764485
0.0019057774129074862     0.0014341706848508126    0.010508000000000002     30.203532292619457
0.001913852299048019      0.0015148664311865174    0.010508                 10.246029549481136
0.0019219271851885517     0.0015955621775222222    0.010508                 -16.55600426177307
0.0019300020713290845     0.0016762579238579272    0.010508000000000002     -50.2025691411427
0.001938076957469617      0.0017569536701936323    0.010508                 -90.693665088628
0.0018438543703771034     0.001291124355044445     0.010508                 -1.0217089265267418
0.001851929256517636      0.00137182010138015      0.010508                 19.678747614232407
0.0018600041426581687     0.0014525158477158547    0.010508                 24.16852082291689
0.0018680790287987014     0.0015332115940515597    0.010508                 21.81376296348708
0.001876153914939234      0.0016139073403872647    0.010508                 12.614474035942294
0.0018842288010797667     0.0016946030867229698    0.010508                 -3.429345959717466
0.0017980811001277854     0.0013094695179094876    0.010508                 -24.49768782849256
0.0018061559862683181     0.0013901652642451924    0.010508                 4.3982576415724
0.001814230872408851      0.0014708610105808972    0.010508                 26.490775733966984
0.0018223057585493837     0.0015515567569166023    0.010508                 41.73876275824705
0.0018303806446899164     0.0016322525032523073    0.010508                 50.14221871441123
0.0017523078298784679     0.0013278146807745297    0.010508                 -39.56860731670997
0.0017603827160190006     0.0014085104271102347    0.010508                 -2.5249659503340354
0.0017684576021595334     0.0014892061734459398    0.010508                 37.17029702576974
0.0017765324883000661     0.0015699019197816448    0.010508                 70.02102893375854
0.0017065345596291503     0.0013461598436395722    0.010508                 -46.23446739117813
0.001714609445769683      0.001426855589975277     0.010508                 -1.0909231614882628
0.0017226843319102156     0.001507551336310982     0.010508                 56.20708469832516
0.0016607612893798328     0.0013645050065046148    0.010508                 -44.49526805189765
0.0016688361755203653     0.0014452007528403198    0.010508                 8.700386008110854
0.001614988019130515      0.0013828501693696571    0.010508                 -34.35100929886815
0.0018554629663584915     0.0012270291757585016    0.010508                 44.22188091905559
0.0018096896961091737     0.0012453743386235442    0.010508000000000002     14.293232910033225
0.0017639164258598562     0.0012637195014885865    0.010508                 -7.182562652243519
0.0017181431556105387     0.001282064664353629     0.010508                 -20.205505767776685
0.0016723698853612207     0.0013004098272186714    0.010508000000000002     -24.775596436564797
0.0016265966151119032     0.001318754990083714     0.010508                 -20.892834658606716
0.0015808233448625856     0.0013371001529487562    0.010508                 -101.842661490218
0.0018212982920905619     0.001181279159337601     0.010508                 60.68368277631748
0.0017755250218412443     0.0011996243222026433    0.010508                 23.347962152580976
0.0017297517515919266     0.0012179694850676858    0.010508                 -5.534906024410475
0.001683978481342609      0.0012363146479327282    0.010508                 -25.964921754657553
0.0016382052110932913     0.0012546598107977705    0.010508                 -37.94208503816094
0.0015924319408439737     0.001273004973662813     0.010508                 -113.69331173756814
0.0017871336178226322     0.0011355291429167       0.010508                 61.51911977560803
0.0017413603475733147     0.0011538743057817424    0.010508                 16.77632653715773
0.0016955870773239972     0.001172219468646785     0.010508                 -19.513614254548884
0.0016498138070746796     0.0011905646315118273    0.010508                 -47.350702599510896
0.0016040405368253617     0.0012089097943768696    0.010508                 -117.69623412816429
0.0017529689435547028     0.0010897791264957992    0.010508                 46.728191916928154
0.0017071956733053853     0.0011081242893608415    0.010508                 -5.421673936237767
0.0016614224030560678     0.001126469452225884     0.010508                 -49.11868734265818
0.00161564913280675       0.0011448146150909264    0.010508                 -113.85142866200351
0.0017188042692867734     0.0010440291100748983    0.010508                 16.310899200278072
0.0016730309990374557     0.0010623742729399407    0.010508                 -43.24603926760301
0.001627257728788138      0.0010807194358049832    0.010508                 -102.15889533908864
0.0016846395950188438     9.982790936539975E-4     0.010508                 -29.73275837434494
0.0016388663247695263     0.0010166242565190398    0.010508                 -82.61863415941616
0.0016504749207509144     9.525290772330966E-4     0.010508                 -55.23064512298947
0.0016027397430862333     8.926809781859679E-4     0.010508                 21.010784044252873
0.0015911311471048452     9.567761574719111E-4     0.010508                 -13.944605966786071
0.001579522551123457      0.0010208713367578545    0.010508000000000002     -41.849618589999295
0.001567913955142069      0.0010849665160437977    0.010508                 -61.699808317903944
0.0015563053591606808     0.0011490616953297409    0.010508                 -73.49517515049831
0.0015446967631792927     0.001213156874615684     0.010508000000000002     -77.23571908778501
0.0015330881671979046     0.0012772520539016275    0.010508                 -72.92144012976343
0.0015214795712165164     0.0013413472331875707    0.010508                 26.715128404879465
0.0015433959694401641     8.969280584247823E-4     0.010508                 7.966358576254569
0.001531787373458776      9.610232377107255E-4     0.010508                 -6.006597559517729
0.0015201787774773879     0.001025118416996669     0.010508                 -12.334633383089454
0.0015085701814959997     0.0010892135962826122    0.010508                 -10.607846311353569
0.0014969615855146116     0.0011533087755685554    0.010508                 -0.8262363443083132
0.0014853529895332235     0.0012174039548544986    0.010508                 17.010196518044836
0.0014737443935518354     0.001281499134140442     0.010508                 98.36808562244559
0.001484052195794095      9.011751386635969E-4     0.010508                 -2.251502221465916
0.0014724435998127068     9.652703179495401E-4     0.010508                 4.755515782766395
0.0014608350038313187     0.0010293654972354834    0.010508                 20.00445675883452
0.0014492264078499306     0.0010934606765214266    0.010508                 43.308220630211395
0.0014376178118685424     0.00115755585580737      0.010508                 74.66680739689627
0.0014260092158871543     0.001221651035093313     0.010508                 139.45106544188516
0.001424708422148026      9.054222189024114E-4     0.010508                 -9.642798348908299
0.0014130998261666378     9.695173981883546E-4     0.010508                 18.341734060065562
0.0014014912301852497     0.001033612577474298     0.010508                 55.16765183577411
0.0013898826342038616     0.0010977077567602411    0.010508                 100.04839250679106
0.0013782740382224734     0.0011618029360461845    0.010508                 149.96406786319957
0.0013653646485019565     9.096692991412259E-4     0.010508                 -14.20752980607286
0.0013537560525205684     9.737644784271692E-4     0.010508                 34.752057272380114
0.0013421474565391803     0.0010378596577131124    0.010508                 93.1549518477284
0.0013305388605577922     0.0011019548369990556    0.010508                 129.90709288638905
0.0013060208748558876     9.139163793800405E-4     0.010508                 -15.945696592959374
0.0012944122788744994     9.780115586659837E-4     0.010508                 53.98648541970903
0.0012828036828931113     0.001042106737951927     0.010508                 79.28014051145246
0.0012466771012098184     9.18163459618855E-4      0.010508                 -14.857298709568097
0.0012350685052284302     9.822586389047982E-4     0.010508                 -1.916789261608642
0.0011873333275637492     9.224105398576694E-4     0.010508                 -2.966472485301799
0.0014999999999999998     4.999999999999999E-4     0.010507999999999998     29.98415273507869
0.0015624999999999999     4.999999999999999E-4     0.010507999999999998     2.8188497022701112E-12
0.0015202604395915377     5.485542372433941E-4     0.010507999999999998     81.8224518900521
0.0015827604395915378     5.485542372433941E-4     0.010508                 27.23323742730048
0.001625                  4.999999999999999E-4     0.010508                 3.44993547823871E-12
0.0016452604395915378     5.485542372433941E-4     0.010508                 12.280803329338273
0.0016874999999999998     5.0E-4                   0.010508                 3.958841834382992E-12
0.0017077604395915379     5.485542372433941E-4     0.010508                 -2.6716307686252785
0.0017499999999999998     5.0E-4                   0.010508                 3.5982895950084244E-12
0.001770260439591538      5.485542372433941E-4     0.010508000000000002     -17.62406486658631
0.0018124999999999999     5.0E-4                   0.010508                 3.681932618441531E-12
0.0018327604395915378     5.485542372433942E-4     0.010508000000000002     -32.576498964549366
0.001875                  5.000000000000001E-4     0.010508                 3.1714375690077363E-12
0.0018952604395915378     5.485542372433943E-4     0.010508000000000002     -47.528933062511726
0.0019375                 5.000000000000001E-4     0.010508000000000002     2.4711612099844356E-12
0.0015405208791830756     5.971084744867882E-4     0.010508                 108.55534290037531
0.0016030208791830754     5.971084744867882E-4     0.010508                 45.19414719738422
0.0016655208791830755     5.971084744867884E-4     0.010508                 15.289279001458832
0.0017280208791830756     5.971084744867884E-4     0.010508                 -14.615589194464945
0.0017905208791830756     5.971084744867884E-4     0.010508                 -44.52045739038847
0.0018530208791830757     5.971084744867885E-4     0.010508                 -74.42532558631312
0.0015607813187746133     6.456627117301825E-4     0.010507999999999998     125.17490213359133
0.0016232813187746133     6.456627117301825E-4     0.010508                 53.88272931025718
0.0016857813187746134     6.456627117301825E-4     0.010508                 9.025427016369292
0.0017482813187746134     6.456627117301826E-4     0.010508                 -35.83187527751517
0.0018107813187746135     6.456627117301826E-4     0.010508                 -80.68917757140257
0.0015810417583661512     6.942169489735767E-4     0.010508                 131.68112958969732
0.0016435417583661512     6.942169489735767E-4     0.010508                 53.29898376591777
0.0017060417583661513     6.942169489735767E-4     0.010508                 -6.510752625930347
0.0017685417583661513     6.942169489735767E-4     0.010508                 -66.32048901777958
0.001601302197957689      7.427711862169708E-4     0.010508                 128.0740252686951
0.001663802197957689      7.427711862169708E-4     0.010508                 43.44291056436507
0.001726302197957689      7.427711862169708E-4     0.010508                 -31.319259925445085
0.0016215626375492267     7.91325423460365E-4      0.010507999999999998     114.35358917058534
0.0016840626375492268     7.91325423460365E-4      0.010508                 24.314509705604554
0.0016418230771407646     8.398796607037591E-4     0.010508                 90.51982129536611
0.0015824793034946954     8.441267409425736E-4     0.010508                 49.487766580028186
0.0015231355298486262     8.483738211813881E-4     0.010508000000000002     21.345734850229334
0.0014637917562025573     8.526209014202027E-4     0.010508                 -3.9672724740290644
0.0014044479825564879     8.568679816590172E-4     0.010508                 -26.451255392746727
0.0013451042089104189     8.611150618978317E-4     0.010508000000000002     -46.10621390592382
0.0012857604352643497     8.653621421366463E-4     0.010508                 -62.932148013559846
0.0012264166616182805     8.696092223754607E-4     0.010508                 -25.02318910271473
0.0015622188639031575     7.955725036991795E-4     0.010508                 68.01485872628068
0.0015028750902570886     7.99819583937994E-4      0.010507999999999998     24.180677810307404
0.0014435313166110192     8.040666641768086E-4     0.010507999999999998     -16.824478700125024
0.0013841875429649502     8.083137444156231E-4     0.010507999999999998     -55.00061080501637
0.001324843769318881      8.125608246544376E-4     0.010508                 -90.34771850436664
0.0012654999956728118     8.168079048932521E-4     0.010507999999999998     -81.14350110461295
0.00154195842431162       7.470182664557853E-4     0.010508                 75.58761497552742
0.0014826146506655507     7.512653466945998E-4     0.010508                 16.061284873379993
0.0014232708770194817     7.555124269334144E-4     0.010508                 -40.63602082322646
0.0013639271033734123     7.597595071722288E-4     0.010508                 -94.5043021142912
0.0013045833297273433     7.640065874110433E-4     0.010508                 -115.22373681038782
0.001521697984720082      6.984640292123912E-4     0.010508                 72.20603532776828
0.0014623542110740128     7.027111094512057E-4     0.010508                 -3.012443960552952
0.0014030104374279438     7.069581896900201E-4     0.010508                 -75.40189884333377
0.0013436666637818744     7.112052699288346E-4     0.010508                 -127.26389622003629
0.0015014375451285443     6.49909791968997E-4      0.010507999999999998     57.87011978300325
0.0014420937714824749     6.541568722078115E-4     0.010507999999999998     -33.04050869149092
0.001382749997836406      6.58403952446626E-4      0.010507999999999998     -117.2639793335606
0.0014811771055370064     6.013555547256027E-4     0.010508                 32.579868341234935
0.0014218333318909372     6.056026349644172E-4     0.010508                 -85.22398615095916
0.0014609166659454685     5.528013174822086E-4     0.010507999999999998     -31.14391667223382
9.999999999999998E-4      5.0E-4                   0.010508000000000002     -15.77309609787797
0.0010624999999999999     5.0E-4                   0.010508000000000002     -1.2156333601298824E-12
0.0010234166659454686     5.528013174822087E-4     0.010508000000000002     22.678298351578253
0.0010859166659454684     5.528013174822087E-4     0.010508000000000002     36.617605484669355
0.0011249999999999997     5.0E-4                   0.010508                 -1.2956472280828715E-12
0.0011484166659454685     5.528013174822086E-4     0.010508000000000002     20.74415217940385
0.0011874999999999998     5.0E-4                   0.010508                 -1.3675126097011136E-12
0.0012109166659454685     5.528013174822086E-4     0.010508000000000002     4.8706988741378945
0.0012499999999999998     5.0E-4                   0.010508                 -1.4312295049846086E-12
0.0012734166659454683     5.528013174822086E-4     0.010508                 -11.00275443112852
0.0013124999999999999     5.0E-4                   0.010508                 -1.4867979139333565E-12
0.0013359166659454684     5.528013174822086E-4     0.010508                 -26.876207736394477
0.001375                  4.999999999999999E-4     0.010508                 -1.5342178365473574E-12
0.0013984166659454685     5.528013174822086E-4     0.010508                 -42.749661041660445
0.0014374999999999998     4.999999999999999E-4     0.010507999999999998     -1.5734892728266112E-12
0.001046833331890937      6.056026349644174E-4     0.010508                 58.48701940727827
0.0011093333318909371     6.056026349644174E-4     0.010508                 62.309470070175806
0.0011718333318909372     6.056026349644174E-4     0.010508                 30.562563459642984
0.0012343333318909373     6.056026349644173E-4     0.010508                 -1.1843431508889388
0.001296833331890937      6.056026349644173E-4     0.010508                 -32.93124976142085
0.0013593333318909372     6.056026349644173E-4     0.010508                 -64.6781563719528
0.0010702499978364058     6.58403952446626E-4      0.010508                 83.76651902028149
0.0011327499978364057     6.58403952446626E-4      0.010508                 77.07559375651662
0.0011952499978364057     6.58403952446626E-4      0.010508                 29.455233840717835
0.0012577499978364058     6.58403952446626E-4      0.010508                 -18.165126075080046
0.0013202499978364059     6.58403952446626E-4      0.010508                 -65.78548599087884
0.0010936666637818746     7.112052699288347E-4     0.010508                 98.51679719058966
0.0011561666637818744     7.112052699288347E-4     0.010508                 80.9159765436918
0.0012186666637818745     7.112052699288347E-4     0.010508                 17.42216332262796
0.0012811666637818746     7.112052699288346E-4     0.010508                 -46.07164989843769
0.0011170833297273431     7.640065874110434E-4     0.010508                 102.73785391819932
0.0011795833297273432     7.640065874110434E-4     0.010508                 73.83061843170044
0.0012420833297273432     7.640065874110433E-4     0.010508                 -5.536648094627549
0.0011404999956728119     8.168079048932521E-4     0.010508                 96.4296892031139
0.0012029999956728117     8.168079048932521E-4     0.010508                 55.81951942054524
0.0011639166616182804     8.696092223754608E-4     0.010508                 79.59230304533042
8.124562499286834E-4      7.96766623198248E-4      0.010508                 -18.14849717588897
8.35899218687598E-4       7.596707952984669E-4     0.010508                 -37.44562115237628
8.593158846330666E-4      8.124721127806756E-4     0.010508                 -33.181155925066825
8.827588533919812E-4      7.753762848808946E-4     0.010508                 -44.382543993847065
8.593421874465124E-4      7.225749673986859E-4     0.010508                 -52.68070088945328
9.062018221508957E-4      7.382804569811137E-4     0.010508000000000002     -54.2475371925192
8.82785156205427E-4       6.85479139498905E-4      0.010508                 -62.18094561866823
9.296447909098102E-4      7.011846290813327E-4     0.010508000000000002     -57.68332765125243
9.062281249643416E-4      6.48383311599124E-4      0.010508                 -65.94635534002173
9.530877596687249E-4      6.640888011815516E-4     0.010508000000000002     -54.689915370042506
9.296710937232561E-4      6.11287483699343E-4      0.010508                 -63.976930053512746
9.765307284276394E-4      6.269929732817707E-4     0.010508000000000002     -45.267300348893805
9.531140624821706E-4      5.741916557995619E-4     0.010508                 -56.27266975914259
9.999736971865539E-4      5.898971453819897E-4     0.010508000000000002     -29.415482587806736
9.765570312410852E-4      5.37095827899781E-4      0.010508000000000002     -42.833574456910505
9.061755193374498E-4      8.281776023631032E-4     0.010508                 -9.86276337267972
9.296184880963644E-4      7.910817744633224E-4     0.010508                 -19.114428315197163
9.530614568552789E-4      7.539859465635413E-4     0.010508                 -23.566415705267076
9.765044256141934E-4      7.168901186637603E-4     0.010508                 -21.58920035539933
9.999473943731081E-4      6.797942907639794E-4     0.010508                 -13.18278226558982
0.0010233903631320226     6.426984628641983E-4     0.010508                 1.6528385641591796
9.530351540418331E-4      8.438830919455311E-4     0.010508                 7.807067410958776
9.764781228007476E-4      8.067872640457501E-4     0.010508                 0.4177942544891929
9.999210915596622E-4      7.69691436145969E-4      0.010508                 1.3788126730184218
0.0010233640603185767     7.325956082461881E-4     0.010508                 8.769033831488274
0.0010468070290774911     6.954997803464071E-4     0.010508                 22.588457729900117
9.998947887462162E-4      8.595885815279587E-4     0.010508                 19.828336425849447
0.0010233377575051307     8.224927536281776E-4     0.010508                 14.214123715209604
0.0010467807262640454     7.853969257283968E-4     0.010508                 20.588147942340253
0.00107022369502296       7.483010978286157E-4     0.010508                 33.39137490941016
0.0010467544234505995     8.752940711103863E-4     0.010508                 26.201043671990533
0.0010701973922095142     8.381982432106054E-4     0.010508                 22.274560066963843
0.0010936403609684286     8.011024153108244E-4     0.010508                 34.061590102696144
0.0010936140581549827     8.909995606928142E-4     0.010508                 26.925189149383673
0.0011170570269138972     8.539037327930331E-4     0.010508                 24.59910330975192
0.001140473692859366      9.067050502752418E-4     0.010508                 22.000772858027695
0.0015092568355139406     0.001403568992217912     0.010508                 37.32594504976306
0.0015006049919037909     0.0014659195756885745    0.010508                 4.9989619836688615
0.0014919531482936411     0.001528270159159237     0.010508                 -24.177421683922162
0.0014833013046834918     0.0015906207426298995    0.010508                 -47.66477243814924
0.001474649461073342      0.001652971326100562     0.010507999999999998     -65.46309027901054
0.0014659976174631923     0.0017153219095712244    0.010507999999999998     -77.5723752065043
0.0014573457738530427     0.001777672493041887     0.010508                 -83.99262722063318
0.001448693930242893      0.0018400230765125496    0.010507999999999998     -2.224133839027651
0.0014492989221466836     0.0014059426522011246    0.010508                 27.083231245099235
0.0014406470785365338     0.0014682932356717868    0.010508                 13.730879278430823
0.0014319952349263845     0.0015306438191424496    0.010508                 4.726627257534418
0.0014233433913162347     0.001592994402613112     0.010508                 1.4114081500046862
0.001414691547706085      0.0016553449860837745    0.010508                 3.785221955837989
0.0014060397040959352     0.001717695569554437     0.010508                 11.848068675040695
0.0013973878604857859     0.0017800461530250995    0.010508                 77.73500244967893
0.0013893410087794267     0.001408316312184337     0.010508                 18.320748000616735
0.0013806891651692772     0.0014706668956549996    0.010508                 23.990440309939267
0.0013720373215591274     0.0015330174791256621    0.010507999999999998     35.15831993573749
0.0013633854779489779     0.0015953680625963246    0.010508                 52.01523247490237
0.001354733634338828      0.001657718646066987     0.010507999999999998     74.56117792743395
0.0013460817907286783     0.0017200692295376496    0.010507999999999998     125.78979506928388
0.0013293830954121699     0.0014106899721675495    0.010508                 11.038495316315752
0.0013207312518020203     0.0014730405556382122    0.010508                 35.77764507819419
0.0013120794081918706     0.0015353911391088745    0.010508                 67.11765635068794
0.001303427564581721      0.001597741722579537     0.010508                 104.14670053654926
0.0012947757209715713     0.0016600923060501997    0.010508                 141.94024401978663
0.0012694251820449132     0.001413063632150762     0.010508                 5.236473192196149
0.0012607733384347635     0.0014754142156214246    0.010508                 49.09249358319559
0.0012521214948246137     0.001537764799092087     0.010508                 100.60463650238486
0.0012434696512144642     0.0016001153825627495    0.010508                 126.18634930118768
0.0012094672686776562     0.0014154372921339744    0.010508                 0.9146816282578603
0.0012008154250675064     0.001477787875604637     0.010508                 63.934985824942565
0.0011921635814573569     0.0015401384590752996    0.010507999999999998     78.52811091348629
0.0011495093553103993     0.001417810952117187     0.010508                 -1.9268793754989313
0.0011408575117002496     0.0014801615355878495    0.010508                 -1.0344711433169564
0.0010895514419431425     0.0014201846121003996    0.010508                 -36.486681930800124
0.0011017741776457183     0.0013579628530700583    0.010508                 -55.81561610488699
0.001161732091012975      0.0013555891930868457    0.010508                 -32.337559553123185
0.001113996913348294      0.001295741094039717     0.010508                 -78.53579475878605
0.001173954826715551      0.0012933674340565044    0.010508000000000002     -59.134312978873
0.00112621964905087       0.001233519335009376     0.010508                 -94.25669285220194
0.001186177562418127      0.0012311456750261633    0.010508                 -78.38176753246563
0.0011384423847534458     0.0011712975759790344    0.010508                 -102.97831038513347
0.0011984002981207027     0.0011689239159958218    0.010508                 -90.079923213901
0.0011506651204560216     0.0011090758169486933    0.010508                 -104.70064735758048
0.0012106230338232787     0.0011067021569654808    0.010508000000000002     -94.22878002318191
0.0011628878561585976     0.001046854057918352     0.010508                 -99.42370376954405
0.0012228457695258545     0.0010444803979351395    0.010508                 -90.82833796030457
0.0011751105918611734     9.846322988880107E-4     0.010508                 -87.14747962102376
0.0012216900043802322     0.0013532155331036333    0.010508                 -11.532910572278723
0.001233912740082808      0.0012909937740732918    0.010508                 -19.40614135649443
0.0012461354757853837     0.0012287720150429508    0.010508                 -19.73007326855361
0.0012583582114879595     0.0011665502560126095    0.010508                 -12.504706308456548
0.0012705809471905355     0.0011043284969822682    0.010508                 2.2699595237974677
0.001281647917747489      0.0013508418731204208    0.010508                 10.704555792182518
0.0012938706534500648     0.0012886201140900795    0.010508                 21.75484764950022
0.0013060933891526406     0.0012263983550597382    0.010508                 40.35443837897435
0.0013183161248552164     0.0011641765960293971    0.010508                 66.50332798060458
0.0013416058311147457     0.0013484682131372082    0.010508                 34.37483954026031
0.0013538285668173217     0.001286246454106867     0.010508                 64.34865403911112
0.0013660513025198977     0.0012240246950765256    0.010508                 101.87176741011876
0.0014015637444820027     0.0013460945531539956    0.010508                 59.47794067195437
0.0014137864801845785     0.0012838727941236543    0.010508                 108.37527781233905
0.0014615216578492596     0.0013437208931707833    0.010508                 86.01385918726521
0.001                     0.0018999999999999996    0.010508                 -36.196110342760555
0.0010111939302428928     0.0018400230765125496    0.010508                 -76.64383198884929
0.0010625                 0.0018999999999999996    0.010508                 -8.077772700662655E-13
0.0010736939302428928     0.0018400230765125494    0.010508                 -29.063391097005294
0.0010223878604857855     0.0017800461530250995    0.010508                 -94.01089357136951
0.0010848878604857856     0.0017800461530250995    0.010508000000000002     -52.36155964215435
0.0010335817907286785     0.0017200692295376496    0.010508                 -106.39535026169608
0.0010960817907286783     0.0017200692295376496    0.010508                 -69.89450563544851
0.0010447757209715712     0.0016600923060501997    0.010508                 -113.79720205982913
0.0011072757209715713     0.0016600923060501995    0.010508                 -81.66222907688713
0.0010559696512144642     0.0016001153825627495    0.010508                 -116.21644896577106
0.001118469651214464      0.0016001153825627495    0.010508000000000002     -87.66472996646978
0.001067163581457357      0.0015401384590752996    0.010508                 -113.65309097952027
0.0011296635814573568     0.0015401384590752994    0.010508                 -87.90200830419813
0.0010783575117002497     0.0014801615355878495    0.010508                 -106.10712810107617
0.0011250000000000001     0.0018999999999999996    0.010507999999999998     -6.629648139590474E-13
0.0011361939302428929     0.0018400230765125496    0.010508                 -10.84022947361476
0.0011473878604857856     0.0017800461530250997    0.010507999999999998     -15.915236395373556
0.0011585817907286784     0.0017200692295376496    0.010507999999999998     -15.225020765277138
0.0011697757209715711     0.0016600923060501997    0.010507999999999998     -8.769582583325379
0.0011809696512144641     0.0016001153825627495    0.010508                 3.451078150482584
0.0011875000000000002     0.0018999999999999996    0.010508                 -5.277101618538844E-13
0.001198693930242893      0.0018400230765125496    0.010508                 7.382932149775725
0.0012098878604857857     0.0017800461530250995    0.010508                 20.531086851407256
0.0012210817907286784     0.0017200692295376496    0.010508                 39.444464104894315
0.0012322757209715712     0.0016600923060501997    0.010508                 64.12306391023598
0.00125                   0.0018999999999999996    0.010508                 -4.02013313750778E-13
0.0012611939302428928     0.0018400230765125494    0.010508                 25.606093773166233
0.0012723878604857857     0.0017800461530250995    0.010508                 56.97741009818824
0.0012835817907286785     0.0017200692295376496    0.010508                 94.11394897506563
0.0013124999999999999     0.0018999999999999996    0.010507999999999998     -2.8587426964973473E-13
0.0013236939302428928     0.0018400230765125496    0.010507999999999998     43.82925539655668
0.0013348878604857856     0.0017800461530250995    0.010507999999999998     93.42373334496921
0.0013750000000000001     0.0018999999999999996    0.010508                 -1.792930295507546E-13
0.0013861939302428929     0.0018400230765125494    0.010508                 62.05241701994705
0.0014375                 0.0018999999999999996    0.010507999999999998     -8.226959345382469E-14
8.328618602814163E-4      0.001072378110178123     0.010508                 6.1407269528815505
8.303111589873246E-4      0.0010379266743056387    0.010508                 21.687619398424317
8.771707936917079E-4      0.0010536321638880664    0.010508                 30.403845907529373
8.746200923976162E-4      0.001019180728015582     0.010508                 31.90800229680798
8.27760457693233E-4       0.0010034752384331543    0.010508                 15.34690896746622
8.720693911035246E-4      9.847292921430976E-4     0.010508000000000002     22.04591243660252
8.252097563991414E-4      9.690238025606699E-4     0.010508                 8.472825493085338
8.69518689809433E-4       9.502778562706131E-4     0.010508                 11.44986078103193
8.226590551050498E-4      9.345723666881855E-4     0.010508                 1.065368975281899
8.669679885153414E-4      9.158264203981288E-4     0.010508                 0.119847330096718
8.201083538109582E-4      9.001209308157011E-4     0.010508                 -6.875460585944666
8.644172872212499E-4      8.813749845256445E-4     0.010508000000000002     -11.944127916203115
8.175576525168666E-4      8.656694949432167E-4     0.010508                 -15.349663190593901
8.618665859271582E-4      8.4692354865316E-4       0.010508                 -24.74206495786848
8.15006951222775E-4       8.312180590707324E-4     0.010508                 -24.35723883866558
9.214797271019995E-4      0.0010348862175980095    0.010508                 14.264012112069963
9.189290258079079E-4      0.0010004347817255254    0.010508                 17.49342765313753
9.163783245138162E-4      9.659833458530408E-4     0.010508                 13.164208001204997
9.138276232197246E-4      9.315319099805564E-4     0.010508                 8.101026553907559
9.11276921925633E-4       8.97080474108072E-4      0.010508                 2.3038833112450448
9.087262206315415E-4      8.626290382355878E-4     0.010508                 -4.227221726782091
9.657886605122911E-4      0.0010161402713079531    0.010508                 4.672606951191085
9.632379592181995E-4      9.816888354354687E-4     0.010508                 9.31732479284673
9.606872579241079E-4      9.472373995629842E-4     0.010508                 10.52097534918687
9.581365566300162E-4      9.127859636904998E-4     0.010508                 10.990664110162584
9.555858553359246E-4      8.783345278180155E-4     0.010508                 10.726391075773108
0.0010100975939225827     9.973943250178962E-4     0.010508                 1.62963042489298
0.001007546892628491      9.629428891454119E-4     0.010508                 7.379693715935174
0.0010049961913343995     9.284914532729275E-4     0.010508                 14.116214480548024
0.0010024454900403078     8.940400174004431E-4     0.010508                 20.11877344979621
0.0010544065273328743     9.786483787278394E-4     0.010508                 5.135082533176217
0.0010518558260387827     9.441969428553551E-4     0.010508                 11.680534422402332
0.001049305124744691      9.097455069828707E-4     0.010508                 23.94992539528846
0.001098715460743166      9.59902432437783E-4      0.010508                 15.188963276040568
0.0010961647594490743     9.254509965652986E-4     0.010508                 22.219846912248897
0.0011430243941534576     9.411564861477262E-4     0.010508                 31.79127265348494
8.649480579891321E-4      0.0011158539229184075    0.010508                 30.25802513803529
9.092569913994237E-4      0.0010971079766283508    0.010508                 42.58617191510007
9.535659248097153E-4      0.0010783620303382942    0.010508000000000002     24.758613753069994
9.97874858220007E-4       0.0010596160840482375    0.010508                 13.789441076821959
0.0010421837916302986     0.001040870137758181     0.010508                 9.678653886356415
0.0010864927250405902     0.001022124191468124     0.010508000000000002     12.426252181674272
0.0011308016584508818     0.0010033782451780676    0.010508                 22.032235962773257
8.970342556968478E-4      0.0011593297356586921    0.010508                 54.01167833493875
9.413431891071394E-4      0.0011405837893686355    0.010508                 54.00098829371109
9.856521225174312E-4      0.0011218378430785788    0.010508                 30.67809470862653
0.0010299610559277228     0.001103091896788522     0.010508                 14.21358660932492
0.0010742699893380144     0.0010843459504984653    0.010508                 4.60746399580421
0.001118578922748306      0.0010656000042084087    0.010508                 1.8597268680678098
9.291204534045635E-4      0.0012028055483989768    0.010508                 67.80690900044934
9.734293868148552E-4      0.00118405960210892      0.010508                 54.016010589243024
0.0010177383202251468     0.0011653136558188633    0.010508                 25.197781581104664
0.0010620472536354384     0.0011465677095288066    0.010508                 3.2379380587481137
0.00110635618704573       0.00112782176323875      0.010508                 -11.863519977825945
9.612066511122794E-4      0.0012462813611392614    0.010508                 71.64371713456768
0.001005515584522571      0.0012275354148492046    0.010508                 42.63123880169587
0.0010498245179328626     0.001208789468559148     0.010508                 8.317674370502118
0.0010941334513431542     0.0011900435222690913    0.010508                 -19.13750457490869
9.932928488199952E-4      0.0012897571738795458    0.010508                 65.52210273729443
0.0010376017822302868     0.0012710112275894892    0.010508                 19.84667293107077
0.0010819107156405784     0.0012522652812994323    0.010508                 -19.96222692317906
0.0010253790465277108     0.0013332329866198305    0.010508                 49.44206580862712
0.0010696879799380024     0.0013144870403297738    0.010508                 -14.3376870226366
0.0010574652442354266     0.001376708799360115     0.010508                 23.40360634856705
7.912541277462393E-4      0.0011174975130725244    0.010508                 -41.28497094546175
8.233403254539551E-4      0.0011609733258128088    0.010508                 -30.89543712355607
8.554265231616707E-4      0.0012044491385530935    0.010508000000000002     -0.846918729890433
8.875127208693866E-4      0.0012479249512933781    0.010508                 20.684548684069355
9.195989185771024E-4      0.0012914007640336626    0.010508                 33.69896511832249
9.516851162848182E-4      0.0013348765767739472    0.010508000000000002     38.196330572869
9.837713139925338E-4      0.0013783523895142316    0.010508                 34.17664504770976
0.0010158575117002497     0.0014218282022545163    0.010508                 21.992635674698892
7.496463952110622E-4      0.0011626169159669256    0.010508                 -45.55161794146026
7.81732592918778E-4       0.0012060927287072102    0.010508                 -47.00037075067402
8.138187906264938E-4      0.0012495685414474949    0.010508                 -17.500488555483898
8.459049883342095E-4      0.0012930443541877793    0.010508                 3.4823426599989205
8.779911860419253E-4      0.001336520166928064     0.010508                 15.948122895775796
9.100773837496411E-4      0.0013799959796683484    0.010508                 19.89685215184675
9.421635814573569E-4      0.001423471792408633     0.010508                 15.484388095368322
7.080386626758851E-4      0.001207736318861327     0.010508                 -44.42416523083613
7.401248603836009E-4      0.0012512121316016114    0.010508                 -55.070866168194804
7.722110580913168E-4      0.001294687944341896     0.010508                 -26.119620171481465
8.042972557990324E-4      0.0013381637570821807    0.010508                 -5.685425154474899
8.363834535067482E-4      0.0013816395698224653    0.010508                 6.231718882825671
8.68469651214464E-4       0.0014251153825627497    0.010508                 9.612765229334197
6.664309301407081E-4      0.0012528557217557283    0.010508                 -37.90261281358919
6.98517127848424E-4       0.0012963315344960127    0.010508                 -55.10692337611953
7.306033255561397E-4      0.0013398073472362974    0.010508                 -26.70431357788282
7.626895232638554E-4      0.0013832831599765818    0.010508                 -6.818754759352206
7.947757209715712E-4      0.0014267589727168664    0.010508                 4.377767076596478
6.248231976055312E-4      0.0012979751246501295    0.010508                 -25.986960689719233
6.569093953132469E-4      0.001341450937390414     0.010508                 -47.10854237444812
6.889955930209626E-4      0.0013849267501306987    0.010508                 -19.254568774687687
7.210817907286784E-4      0.0014284025628709832    0.010508                 -0.22060636284406188
5.832154650703541E-4      0.0013430945275445308    0.010508                 -8.677208859226404
6.153016627780698E-4      0.0013865703402848152    0.010508                 -31.075723163180978
6.473878604857856E-4      0.0014300461530250999    0.010508                 -4.1823550889882615
5.41607732535177E-4       0.001388213930438932     0.010508                 14.026642677889285
5.736939302428928E-4      0.0014316897431792166    0.010508                 -7.507479101835923
5.0E-4                    0.0014333333333333333    0.010508                 -18.39399236454196
0.001004663581457357      0.0014818051257419662    0.010508                 2.432215484737256
9.934696512144642E-4      0.0015417820492294163    0.010508000000000002     -13.280944604548736
9.822757209715712E-4      0.0016017589727168663    0.010508                 -24.79411746130492
9.710817907286784E-4      0.0016617358962043164    0.010508                 -32.10730308553079
9.598878604857857E-4      0.0017217128196917663    0.010508000000000002     -35.220501477226875
9.486939302428929E-4      0.0017816897431792162    0.010508                 -34.13371263639327
9.375E-4                  0.0018416666666666664    0.010508                 0.5724780652370125
9.309696512144641E-4      0.001483448715896083     0.010508                 7.801081517574069
9.197757209715712E-4      0.001543425639383533     0.010508                 4.161904505152933
9.085817907286785E-4      0.001603402562870983     0.010508                 4.722714725261497
8.973878604857856E-4      0.0016633794863584331    0.010508                 9.483512177900025
8.861939302428928E-4      0.001723356409845883     0.010508                 18.444296863068956
8.75E-4                   0.001783333333333333     0.010508                 38.88370872419989
8.572757209715713E-4      0.0014850923060501999    0.010508                 13.828537350161625
8.460817907286783E-4      0.0015450692295376498    0.010508                 22.26334341460499
8.348878604857856E-4      0.0016050461530250997    0.010508                 34.8981367115784
8.236939302428928E-4      0.0016650230765125498    0.010508                 51.732917241081864
8.125000000000001E-4      0.0017249999999999998    0.010508                 60.63952646274873
7.835817907286785E-4      0.0014867358962043164    0.010508                 20.514582982499654
7.723878604857856E-4      0.0015467128196917665    0.010508                 41.02337212380779
7.611939302428928E-4      0.0016066897431792164    0.010508                 65.73214849764557
7.5E-4                    0.0016666666666666666    0.010508                 65.83993128088379
7.098878604857857E-4      0.0014883794863584333    0.010508                 27.859218414588206
6.986939302428928E-4      0.0015483564098458832    0.010508                 60.44199063276106
6.875E-4                  0.0016083333333333331    0.010508                 54.48492317860569
6.361939302428929E-4      0.0014900230765125498    0.010508                 35.86244364642746
6.25E-4                   0.00155                  0.010508                 26.5745021559132
5.625000000000001E-4      0.0014916666666666665    0.010508                 -17.891331787192097
5.0E-4                    9.666666666666669E-4     0.010508                 -20.563411790322657
5.41607732535177E-4       9.79880597105599E-4      0.010508                 -30.494935197152827
5.0E-4                    0.0010250000000000003    0.010508                 -29.882928665709812
5.41607732535177E-4       0.0010382139304389321    0.010508                 -24.832227109532397
5.832154650703541E-4      9.93094527544531E-4      0.010508                 -24.6976000834839
5.832154650703542E-4      0.0010514278608778642    0.010508000000000002     -20.666331154380117
6.248231976055312E-4      0.0010063084579834628    0.010508                 -20.085577642412623
6.248231976055312E-4      0.0010646417913167962    0.010508                 -17.385240800253058
6.664309301407081E-4      0.001019522388422395     0.010508                 -16.658867873938874
6.664309301407081E-4      0.0010778557217557283    0.010508                 -14.988956047150651
7.080386626758851E-4      0.001032736318861327     0.010508                 -14.417470778062714
7.080386626758851E-4      0.0010910696521946603    0.010508000000000002     -13.477476895073664
7.496463952110622E-4      0.001045950249300259     0.010508                 -13.361386354784251
7.496463952110623E-4      0.0011042835826335922    0.010508                 -12.85080334402133
7.912541277462393E-4      0.001059164179739191     0.010508                 -13.4906146041037
5.0E-4                    0.0010833333333333335    0.010508                 -11.16507714133877
5.41607732535177E-4       0.0010965472637722655    0.010508                 -8.106538941445137
5.832154650703541E-4      0.0011097611942111976    0.010508                 -5.932806342576043
6.24823197605531E-4       0.0011229751246501296    0.010508                 -4.643879344732483
6.664309301407081E-4      0.0011361890550890615    0.010508                 -4.239757947913461
7.080386626758852E-4      0.0011494029855279937    0.010508                 -4.720442152119858
5.0E-4                    0.0011416666666666667    0.010508                 7.20701447514017
5.41607732535177E-4       0.001154880597105599     0.010508                 8.273389318750162
5.832154650703541E-4      0.0011680945275445308    0.010508                 8.454958561335616
6.248231976055312E-4      0.0011813084579834628    0.010508                 7.75172220289619
6.664309301407081E-4      0.0011945223884223949    0.010508                 6.163680243431372
5.0E-4                    0.0012000000000000001    0.010508                 25.23334618372695
5.41607732535177E-4       0.0012132139304389322    0.010508                 24.307557671053416
5.832154650703541E-4      0.0012264278608778642    0.010508                 22.49696355735557
6.248231976055312E-4      0.001239641791316796     0.010508                 19.801563842632333
5.0E-4                    0.0012583333333333335    0.010508                 42.91391798442106
5.41607732535177E-4       0.0012715472637722654    0.010508                 39.99596611546457
5.832154650703541E-4      0.0012847611942111974    0.010508                 36.19320864548291
5.0E-4                    0.0013166666666666667    0.010508                 60.248729877223184
5.41607732535177E-4       0.0013298805971055988    0.010508                 55.33861465198339
5.0E-4                    0.001375                 0.010508                 77.23778186213323
7.887034264521477E-4      0.0010247127438667066    0.010508                 -7.708241398087694
7.470956939169706E-4      0.0010114988134277746    0.010508000000000002     -7.716492613336754
7.054879613817935E-4      9.982848829888425E-4     0.010508                 -9.21056357275586
6.638802288466165E-4      9.850709525499105E-4     0.010508                 -12.190454276345008
6.222724963114395E-4      9.718570221109785E-4     0.010508000000000002     -16.656164724104542
5.806647637762624E-4      9.586430916720466E-4     0.010508                 -22.607694916034404
5.390570312410855E-4      9.454291612331146E-4     0.010508                 -11.235906644060435
7.86152725158056E-4       9.902613079942222E-4     0.010508                 -6.995441211723119
7.445449926228789E-4      9.770473775552902E-4     0.010508                 -9.004431447169736
7.029372600877019E-4      9.638334471163581E-4     0.010508                 -12.499241426786739
6.613295275525249E-4      9.506195166774263E-4     0.010508                 -17.47987115057333
6.197217950173479E-4      9.374055862384943E-4     0.010508                 -23.946320618530763
5.781140624821708E-4      9.241916557995622E-4     0.010508                 -14.253636441130794
7.836020238639644E-4      9.558098721217378E-4     0.010508                 -6.615425316839037
7.419942913287874E-4      9.425959416828058E-4     0.010508                 -10.625154572483552
7.003865587936103E-4      9.293820112438738E-4     0.010508                 -16.12070357229777
6.587788262584333E-4      9.161680808049418E-4     0.010508                 -23.102072316282488
6.171710937232563E-4      9.029541503660098E-4     0.010508                 -15.425037027708811
7.810513225698728E-4      9.213584362492535E-4     0.010508                 -6.568193713435903
7.394435900346958E-4      9.081445058103215E-4     0.010508                 -12.578661989278089
6.978358574995187E-4      8.949305753713895E-4     0.010508                 -20.074950009289978
6.562281249643416E-4      8.817166449324574E-4     0.010508                 -14.750108403793774
7.785006212757811E-4      8.869070003767691E-4     0.010508                 -6.853746401513263
7.368928887406042E-4      8.736930699378371E-4     0.010508                 -14.864953697552892
6.952851562054272E-4      8.604791394989051E-4     0.010508                 -12.228850569386452
7.759499199816895E-4      8.524555645042847E-4     0.010508                 -7.472083381071457
7.343421874465125E-4      8.392416340653526E-4     0.010508                 -7.861263524486475
7.733992186875979E-4      8.180041286318003E-4     0.010508                 -1.6473472690932738
5.0E-4                    0.0019                   0.010508                 0
5.0E-4                    0.0018416666666666666    0.010508                 -20.395673349504534
5.625000000000001E-4      0.0018999999999999998    0.010508                 -6.181624008568612E-13
5.625000000000001E-4      0.0018416666666666666    0.010508                 -13.197449629075004
5.0E-4                    0.0017833333333333334    0.010508                 -40.216335977527315
5.625000000000001E-4      0.0017833333333333332    0.010508000000000002     -25.81988853666735
5.0E-4                    0.001725                 0.010508                 -59.461987884068
5.625000000000001E-4      0.001725                 0.010508                 -37.86731672277799
5.0E-4                    0.0016666666666666666    0.010508                 -78.13262906912716
5.625000000000001E-4      0.0016666666666666666    0.010508                 -49.339734187406776
5.0E-4                    0.0016083333333333334    0.010508                 -96.22825953270436
5.625000000000001E-4      0.0016083333333333331    0.010508000000000002     -60.23714093055375
5.0E-4                    0.00155                  0.010508                 -113.74887927479921
5.625000000000001E-4      0.00155                  0.010508                 -70.55953695221856
5.0E-4                    0.0014916666666666667    0.010508                 -130.694488295413
6.25E-4                   0.0019                   0.010508                 -1.2229459506353323E-12
6.25E-4                   0.0018416666666666666    0.010508                 -5.999225908645362
6.25E-4                   0.0017833333333333332    0.010508                 -11.423441095807608
6.25E-4                   0.001725                 0.010508                 -16.272645561487987
6.25E-4                   0.0016666666666666666    0.010508                 -20.54683930568647
6.25E-4                   0.0016083333333333334    0.010508                 -24.246022328403093
6.875E-4                  0.0018999999999999998    0.010508                 -1.8143506493354147E-12
6.875E-4                  0.0018416666666666666    0.010508                 1.1989978117843099
6.875E-4                  0.0017833333333333332    0.010508                 2.9730063450523154
6.875E-4                  0.0017249999999999998    0.010508                 5.322025599802162
6.875E-4                  0.0016666666666666666    0.010508                 8.246055576033886
7.5E-4                    0.0018999999999999998    0.010508                 -2.3923764969571074E-12
7.5E-4                    0.0018416666666666664    0.010508                 8.397221532213953
7.5E-4                    0.001783333333333333     0.010508                 17.369453785912157
7.5E-4                    0.0017249999999999998    0.010508                 26.916696761092368
8.125000000000001E-4      0.0018999999999999998    0.010508                 -2.9570234935004112E-12
8.125000000000001E-4      0.0018416666666666664    0.010508                 15.595445252643652
8.125000000000001E-4      0.001783333333333333     0.010508                 31.765901226772066
8.75E-4                   0.0018999999999999996    0.010508                 -3.508291638965325E-12
8.75E-4                   0.0018416666666666664    0.010508                 22.793668973073267
9.375E-4                  0.0018999999999999998    0.010508                 -4.04618093335185E-12
0.0020625                 5.000000000000001E-4     0.010508000000000002     -1.633148024005471E-12
0.0020796564879067858     5.581269128531722E-4     0.010508000000000002     13.331026494080106
0.002125                  5.000000000000001E-4     0.010508                 -1.2014203263141805E-12
0.002142156487906786      5.581269128531722E-4     0.010508000000000002     4.7733038071387455
0.0021875                 5.0E-4                   0.010508                 -9.797496105138278E-13
0.002204656487906786      5.581269128531722E-4     0.010508000000000002     -3.7844188798028426
0.0022500000000000003     5.0E-4                   0.010508                 -5.821683930550958E-13
0.002267156487906786      5.581269128531722E-4     0.010508000000000002     -12.342141566743976
0.0023125000000000003     5.0E-4                   0.010508                 -3.5231512079924916E-13
0.002329656487906786      5.581269128531722E-4     0.010508000000000002     -20.899864253685564
0.002375                  5.0E-4                   0.010508                 1.726044407259915E-13
0.002392156487906786      5.581269128531721E-4     0.010508                 -29.45758694062738
0.0024375000000000004     5.0E-4                   0.010508                 3.24571685190241E-13
0.002454656487906786      5.581269128531721E-4     0.010508                 -0.14301965388813187
0.0025                    5.0E-4                   0.010508                 36.83590368342195
0.0020968129758135714     6.162538257063443E-4     0.010508                 21.452081754105166
0.0021593129758135715     6.162538257063443E-4     0.010508                 4.336636380221535
0.0022218129758135715     6.162538257063443E-4     0.010508                 -12.778808993662096
0.0022843129758135716     6.162538257063443E-4     0.010508                 -29.894254367545727
0.0023468129758135716     6.162538257063443E-4     0.010508                 -47.00969974142845
0.0024093129758135713     6.162538257063443E-4     0.010508                 -27.30892461363294
0.0021139694637203575     6.743807385595165E-4     0.010508                 24.363165780071085
0.002176469463720357      6.743807385595165E-4     0.010508                 -1.310002280754361
0.002238969463720357      6.743807385595165E-4     0.010508                 -26.983170341579807
0.0023014694637203572     6.743807385595164E-4     0.010508                 -52.656338402405254
0.0023639694637203573     6.743807385595164E-4     0.010508                 -44.66181119581154
0.0021311259516271427     7.325076514126886E-4     0.010508                 22.06427857198014
0.002193625951627143      7.325076514126886E-4     0.010508                 -12.166612175787577
0.002256125951627143      7.325076514126886E-4     0.010508                 -46.39750292355484
0.002318625951627143      7.325076514126886E-4     0.010508                 -52.20167940042518
0.002148282439533929      7.906345642658607E-4     0.010508                 14.555420129830964
0.0022107824395339285     7.906345642658607E-4     0.010508                 -28.23319330487857
0.0022732824395339285     7.906345642658607E-4     0.010508                 -49.928529227472836
0.0021654389274407145     8.487614771190328E-4     0.010508                 1.8365904536235576
0.0022279389274407146     8.487614771190328E-4     0.010508                 -37.84236067695497
0.0021825954153475        9.068883899722049E-4     0.010508                 -15.943173748872084
0.0024999999999999996     9.083333333333333E-4     0.010507999999999998     29.87189228315276
0.0024546564879067852     9.081269128531722E-4     0.010507999999999998     23.432688434137503
0.002409312975813571      9.079204923730111E-4     0.010507999999999998     16.96531304316278
0.002363969463720357      9.077140718928497E-4     0.010507999999999998     10.469766110228633
0.0023186259516271425     9.075076514126887E-4     0.010507999999999998     3.946047635335148
0.0022732824395339285     9.073012309325273E-4     0.010508                 -2.6058423815180447
0.002227938927440714      9.070948104523662E-4     0.010507999999999998     -9.185903940330093
0.0024999999999999996     8.5E-4                   0.010507999999999997     36.76846851288644
0.0024546564879067852     8.497935795198389E-4     0.010507999999999997     26.34832333465647
0.0024093129758135713     8.495871590396776E-4     0.010508                 15.900006614467543
0.0023639694637203573     8.493807385595164E-4     0.010508                 5.42351835231935
0.002318625951627143      8.491743180793552E-4     0.010508                 -5.081141451788653
0.0022732824395339285     8.48967897599194E-4      0.010508                 -15.613972797855922
0.0024999999999999996     7.916666666666666E-4     0.010507999999999997     43.4518962414561
0.0024546564879067857     7.914602461865055E-4     0.010507999999999998     29.05080973401175
0.0024093129758135713     7.912538257063442E-4     0.010507999999999998     14.621551684608647
0.002363969463720357      7.910474052261831E-4     0.010507999999999998     0.1641220932458225
0.002318625951627143      7.908409847460218E-4     0.010508                 -14.321479040076497
0.0024999999999999996     7.333333333333333E-4     0.010507999999999998     49.92217546886127
0.0024546564879067857     7.331269128531721E-4     0.010507999999999998     31.540147632203343
0.0024093129758135717     7.329204923730109E-4     0.010508                 13.12994825358546
0.002363969463720357      7.327140718928497E-4     0.010508                 -5.30842266699176
0.0025                    6.75E-4                  0.010508                 56.179306195102754
0.0024546564879067857     6.747935795198388E-4     0.010508                 33.816337029230226
0.0024093129758135717     6.745871590396776E-4     0.010508                 11.425196321398289
0.0024999999999999996     6.166666666666666E-4     0.010507999999999998     62.22328842018078
0.0024546564879067857     6.164602461865055E-4     0.010507999999999998     35.87937792509345
0.0025                    5.583333333333333E-4     0.010508                 68.05412214409392
7.733992186875979E-4      7.596707952984669E-4     0.010508                 25.820197195598762
7.343421874465125E-4      7.809083007320192E-4     0.010508                 6.400928765813646
6.952851562054272E-4      8.021458061655718E-4     0.010508000000000002     2.5339712942037522
6.562281249643416E-4      8.233833115991241E-4     0.010508                 0.1767982388343512
6.171710937232563E-4      8.446208170326765E-4     0.010508                 -0.6705904002940315
5.781140624821709E-4      8.658583224662288E-4     0.010508000000000002     -0.008194623182021132
5.390570312410854E-4      8.870958278997811E-4     0.010508                 2.163985570170894
5.0E-4                    9.083333333333335E-4     0.010508                 5.845950179764657
7.343421874465125E-4      7.225749673986859E-4     0.010508                 31.74017992236391
6.952851562054271E-4      7.438124728322384E-4     0.010508                 4.813523779614364
6.562281249643417E-4      7.650499782657907E-4     0.010508                 0.4466163019810949
6.171710937232563E-4      7.86287483699343E-4      0.010508                 -2.4105067594115326
5.781140624821708E-4      8.075249891328955E-4     0.010508                 -3.757845404563227
5.390570312410854E-4      8.287624945664478E-4     0.010508                 -3.5953996334741305
5.0E-4                    8.500000000000002E-4     0.010508                 -1.9231694461443567
6.952851562054272E-4      6.85479139498905E-4      0.010508                 33.12656828785852
6.562281249643416E-4      7.067166449324573E-4     0.010508                 0.36629515532473533
6.171710937232563E-4      7.279541503660096E-4     0.010508                 -4.500562328331597
5.781140624821709E-4      7.49191655799562E-4      0.010508                 -7.857635395747309
5.390570312410854E-4      7.704291612331145E-4     0.010508                 -9.704924046922088
5.0E-4                    7.916666666666669E-4     0.010508                 -10.04242828185636
6.562281249643416E-4      6.48383311599124E-4      0.010508                 29.97936229208231
6.171710937232563E-4      6.696208170326763E-4     0.010508                 -6.940757107054665
5.781140624821708E-4      6.908583224662288E-4     0.010508                 -12.30756459673438
5.390570312410854E-4      7.120958278997811E-4     0.010508                 -16.164587670173205
5.0E-4                    7.333333333333334E-4     0.010508                 -18.51182632737141
6.171710937232563E-4      6.11287483699343E-4      0.010508                 22.298561935035327
5.781140624821709E-4      6.325249891328954E-4     0.010508                 -17.10763300752416
5.390570312410854E-4      6.537624945664477E-4     0.010508                 -22.97439050322697
5.0E-4                    6.75E-4                  0.010508                 -27.331363582688937
5.781140624821708E-4      5.741916557995619E-4     0.010508                 10.084167216717407
5.390570312410854E-4      5.954291612331144E-4     0.010508                 -30.13433254608401
5.0E-4                    6.166666666666667E-4     0.010508                 -36.50104004780985
5.390570312410855E-4      5.37095827899781E-4      0.010508                 -6.663821862870909
5.0E-4                    5.583333333333334E-4     0.010508                 -46.02085572273336
5.0E-4                    5.0E-4                   0.010508                 -27.945405303730013
7.968421874465125E-4      7.22574967398686E-4      0.010508                 19.046647090535192
7.577851562054271E-4      6.85479139498905E-4      0.010508000000000002     31.390618619907915
7.187281249643417E-4      6.483833115991241E-4     0.010508                 37.527225064829075
6.796710937232562E-4      6.11287483699343E-4      0.010508                 37.45646642529873
6.406140624821709E-4      5.741916557995619E-4     0.010508000000000002     31.178342701317153
6.015570312410854E-4      5.370958278997811E-4     0.010508                 18.692853892884305
5.625E-4                  5.0E-4                   0.010508                 0
8.202851562054271E-4      6.854791394989051E-4     0.010508000000000002     3.271037719320962
7.812281249643417E-4      6.48383311599124E-4      0.010508                 15.03156034435941
7.421710937232562E-4      6.11287483699343E-4      0.010508                 20.584717884946585
7.031140624821708E-4      5.741916557995619E-4     0.010508                 19.930510341082393
6.640570312410854E-4      5.37095827899781E-4      0.010508000000000002     13.068937712766864
6.249999999999999E-4      5.0E-4                   0.010508                 0
8.437281249643416E-4      6.48383311599124E-4      0.010508                 -7.4641043761101855
8.046710937232562E-4      6.11287483699343E-4      0.010508                 3.712969344594393
7.656140624821708E-4      5.741916557995619E-4     0.010508                 8.682677980847638
7.265570312410853E-4      5.370958278997811E-4     0.010508                 7.445021532649514
6.875E-4                  5.0E-4                   0.010508                 0
8.671710937232562E-4      6.11287483699343E-4      0.010508                 -13.158779195757685
8.281140624821707E-4      5.741916557995619E-4     0.010508                 -2.5651543793871205
7.890570312410854E-4      5.37095827899781E-4      0.010508                 1.8211053525320793
7.499999999999999E-4      5.0E-4                   0.010508                 0
8.906140624821708E-4      5.741916557995619E-4     0.010508                 -13.81298673962188
8.515570312410853E-4      5.37095827899781E-4      0.010508                 -3.8028108275852155
8.124999999999999E-4      5.0E-4                   0.010508                 0
9.140570312410853E-4      5.37095827899781E-4      0.010508                 -9.42672700770265
8.749999999999998E-4      5.0E-4                   0.010508                 0
9.374999999999997E-4      5.0E-4                   0.010508000000000002     0
