% Model:              stripline_filter_simple_decomp_new_mesh.mph
% Version:            COMSOL 6.1.0.252
% Date:               May 4 2023, 12:46
% Dimension:          3
% Nodes:              953
% Expressions:        1
% Description:        Surface
% X                       Y                        Z                        imag(emw.Ez)
0.0025                    0.0019                   0.005608                 176.65362541319155
0.0024375000000000004     0.0019                   0.005608                 152.91813414336966
0.0025                    0.0018416666666666666    0.005608                 182.92947014351233
0.0024375                 0.0018416666666666668    0.005608                 160.13482796527927
0.002375                  0.0019000000000000002    0.005608                 127.26224494551793
0.002375                  0.0018416666666666666    0.005608000000000001     135.41978785901784
0.0023125000000000003     0.0019                   0.005608000000000001     99.685957819637
0.0023125                 0.0018416666666666666    0.005608000000000001     108.78434982472854
0.0022500000000000003     0.0019000000000000002    0.005608000000000001     70.18927276572845
0.0022500000000000003     0.0018416666666666668    0.005608000000000001     80.22851386240978
0.0021875                 0.0019000000000000002    0.005608000000000001     38.77218978378957
0.0021875                 0.0018416666666666668    0.005608000000000002     49.75227997206106
0.0021250000000000006     0.0019                   0.005608000000000002     5.434708873823093
0.0021250000000000006     0.0018416666666666668    0.005608000000000002     17.355648153684726
0.0020625000000000005     0.0019000000000000002    0.005608000000000002     -29.82316996417235
0.0020625000000000005     0.0018416666666666668    0.005608000000000002     -52.29060955957747
0.0020000000000000005     0.0019000000000000002    0.005608000000000002     -40.204848366334
0.0025                    0.0017833333333333334    0.005608                 187.86602150530075
0.0024375                 0.0017833333333333334    0.005608000000000001     166.01222841865876
0.0023750000000000004     0.0017833333333333334    0.005608000000000001     142.23803740398836
0.0023125000000000003     0.0017833333333333334    0.005608000000000001     116.54344846128862
0.0022500000000000003     0.0017833333333333334    0.005608000000000002     88.9284615905602
0.0021875                 0.0017833333333333336    0.005608000000000002     59.393076791802244
0.0021250000000000006     0.0017833333333333334    0.005608000000000002     -23.096942927636324
0.0025                    0.001725                 0.005608                 191.46327949855913
0.0024375                 0.001725                 0.005608                 170.55033550350709
0.002375                  0.0017250000000000004    0.005608                 147.71699358042724
0.0023125000000000003     0.001725                 0.005608000000000001     122.9632537293175
0.0022500000000000003     0.0017250000000000004    0.005608000000000002     96.28911595017868
0.0021875                 0.0017250000000000004    0.005608000000000002     3.726027220681587
0.0025                    0.0016666666666666668    0.005608                 193.72124412328594
0.0024375                 0.001666666666666667     0.005608                 173.74914921982497
0.0023750000000000004     0.001666666666666667     0.005608000000000001     151.85665638833507
0.0023125000000000003     0.0016666666666666668    0.005608000000000002     128.04376562881546
0.0022500000000000003     0.001666666666666667     0.005608000000000002     28.178300885381702
0.0025                    0.0016083333333333336    0.005608                 194.63991537948232
0.0024375000000000004     0.0016083333333333336    0.005608000000000001     175.60866956761095
0.0023750000000000004     0.0016083333333333336    0.005608000000000002     154.6570258277115
0.0023125000000000003     0.0016083333333333336    0.005608000000000002     50.25987806646178
0.0025                    0.0015500000000000002    0.005608                 194.21929326714894
0.0024375                 0.0015500000000000002    0.005608000000000001     176.1288965468671
0.002375                  0.0015500000000000002    0.005608000000000001     69.97075876392145
0.0025                    0.001491666666666667     0.005608000000000001     192.4593777862837
0.0024375000000000004     0.001491666666666667     0.005608000000000001     87.31094297775942
0.0025                    0.0014333333333333336    0.005608000000000001     77.63168017126655
0.0019354009108757402     0.0012544340293143587    0.005608                 -20.747889789901258
0.0020059757970162725     0.0012767964423167305    0.005608                 0.3185992088968703
0.0019434757970162727     0.001335129775650064     0.005608                 -37.512209661035556
0.0020140506831568053     0.0013574921886524358    0.005608                 -22.698801838122733
0.0020765506831568054     0.0012991588553191023    0.005608                 0.007266575204653236
0.0020846255692973377     0.0013798546016548076    0.005608000000000001     -21.917833535068894
0.0021471255692973373     0.0013215212683214744    0.005608                 1.1319735992871642
0.00215520045543787       0.0014022170146571796    0.005608                 -19.981862044168338
0.00221770045543787       0.001343883681323846     0.005608                 3.692720281146876
0.002225775341578403      0.0014245794276595513    0.005608                 -16.89088736541794
0.002288275341578403      0.001366246094326218     0.005608                 7.689506620782083
0.0022963502277189352     0.0014469418406619233    0.005608000000000001     -12.644909498817263
0.002358850227718935      0.0013886085073285899    0.005608                 13.122332618194037
0.0023669251138594676     0.0014693042536642951    0.005608000000000001     -7.243928444369658
0.0024294251138594677     0.0014109709203309617    0.005608000000000001     19.99119827338197
0.0019515506831568052     0.0014158255219857692    0.005608                 -38.198748064839606
0.0020221255692973376     0.0014381879349881408    0.005608000000000001     -33.40640921124975
0.00209270045543787       0.0014605503479905128    0.005608000000000001     -32.27045061884053
0.002163275341578403      0.0014829127609928849    0.005608                 -29.97948883858328
0.002233850227718935      0.0015052751739952565    0.005608000000000001     -26.53352387047562
0.0023044251138594676     0.0015276375869976285    0.005608000000000001     -21.93255571452073
0.001959625569297338      0.0014965212683214742    0.005608000000000001     -38.698801143205515
0.0020302004554378704     0.001518883681323846     0.005608000000000001     -44.15904268101386
0.0021007753415784028     0.0015412460943262179    0.005608000000000001     -42.66809379924814
0.002171350227718935      0.00156360850732859      0.005608000000000001     -40.022141729634995
0.0022419251138594675     0.0015859709203309615    0.005608000000000001     -36.22118647217212
0.0019677004554378703     0.0015772170146571794    0.005608000000000001     -39.01236889612957
0.0020382753415784027     0.0015995794276595513    0.005608000000000001     -54.956702247413546
0.0021088502277189355     0.0016219418406619231    0.005608000000000001     -53.11076307629173
0.0021794251138594675     0.001644304253664295     0.005608000000000001     -50.10982071732087
0.0019757753415784026     0.0016579127609928847    0.005608000000000001     -39.139451323614026
0.0020463502277189355     0.0016802751739952565    0.005608000000000002     -65.79938791044992
0.002116925113859468      0.0017026375869976284    0.005608000000000002     -63.59845844997426
0.0019838502277189354     0.0017386085073285897    0.005608000000000002     -39.08004842565663
0.002054425113859468      0.0017609709203309616    0.005608000000000002     -76.68709967012273
0.001991925113859468      0.001819304253664295     0.005608000000000002     -38.83416020225907
0.0025                    9.666666666666667E-4     0.005608                 -19.373705059188495
0.0025                    0.001025                 0.005608                 -24.597070077658955
0.002454656487906786      9.664602461865056E-4     0.005608                 -17.137011742599256
0.0024546564879067857     0.001024793579519839     0.005608                 -22.110814468286083
0.0025                    0.0010833333333333333    0.005608                 -10.799621666650836
0.002454656487906786      0.0010831269128531724    0.005608000000000001     -9.070420529828688
0.0025                    0.0011416666666666667    0.005608                 2.6449351146470974
0.002454656487906786      0.0011414602461865058    0.005608                 3.6170817789185037
0.0025                    0.0012000000000000001    0.005608                 15.736600266235456
0.002454656487906786      0.001199793579519839     0.005608                 15.951692457955815
0.0025                    0.0012583333333333335    0.005608                 28.475373788113558
0.002454656487906786      0.0012581269128531724    0.005608000000000001     27.933411507283324
0.0025                    0.001316666666666667     0.005608                 40.86125568028095
0.0024546564879067857     0.0013164602461865058    0.005608000000000001     39.56223892690059
0.0025                    0.0013750000000000001    0.005608000000000001     52.89424594273906
0.002454656487906786      0.0013747935795198393    0.005608000000000001     40.54692234070411
0.002409312975813572      9.662538257063446E-4     0.005608                 -15.099727072753788
0.002409312975813572      0.001024587159039678     0.005608                 -19.42751434322725
0.002409312975813572      0.0010829204923730113    0.005608                 -7.144174877320623
0.002409312975813572      0.0011412538257063447    0.005608                 4.786272958875998
0.002409312975813572      0.001199587159039678     0.005608                 16.363829165362716
0.002409312975813572      0.0012579204923730113    0.005608                 27.588493742139235
0.002409312975813572      0.0013162538257063447    0.005608                 29.89795624611959
0.002363969463720358      9.660474052261836E-4     0.005608                 -13.261851049652629
0.002363969463720358      0.001024380738559517     0.005608                 -16.547169702482165
0.002363969463720358      0.0010827140718928502    0.005608                 -5.020884709126449
0.002363969463720358      0.0011410474052261836    0.005608                 6.1525086545194085
0.002363969463720358      0.001199380738559517     0.005608                 16.97301038845569
0.002363969463720358      0.0012577140718928502    0.005608                 21.036031350799604
0.002318625951627144      9.658409847460225E-4     0.005608                 -11.623383673295312
0.002318625951627144      0.001024174318079356     0.005608                 -13.469780546051382
0.002318625951627144      0.0010825076514126893    0.005608                 -2.700550025246258
0.002318625951627144      0.0011408409847460227    0.005608                 7.715788865848367
0.002318625951627144      0.001199174318079356     0.005608                 13.96114765474421
0.0022732824395339303     9.656345642658615E-4     0.005608                 -10.18432494368191
0.0022732824395339303     0.0010239678975991948    0.005608                 -10.19534687393491
0.0022732824395339303     0.0010823012309325282    0.005608                 -0.1831708256801221
0.0022732824395339303     0.0011406345642658616    0.005608                 8.673305157953124
0.0022279389274407163     9.654281437857005E-4     0.005608                 -8.944674860812466
0.0022279389274407163     0.0010237614771190337    0.005608                 -6.72386868613188
0.0022279389274407163     0.0010820948104523671    0.005608                 5.172503860427199
0.0021825954153475023     9.652217233055395E-4     0.005608                 -7.904433424686943
0.0021825954153475023     0.0010235550566388728    0.005608                 3.458743762165433
0.0021372519032542884     9.650153028253784E-4     0.005608                 -2.1101812795589012
0.0019606322849230586     0.0012182566885032362    0.005608                 13.408724880413445
0.0020312071710635914     0.001240619101505608     0.005608                 14.741170821173455
0.0019858636589703774     0.0011820793476921135    0.005608                 18.094351829768954
0.0020564385451109094     0.0012044417606944854    0.005608                 15.991072740790827
0.0020110950330176954     0.001145902006880991     0.005608                 22.319528630267456
0.0020816699191582282     0.001168264419883363     0.005608                 16.423124738282127
0.0020363264070650143     0.0011097246660698686    0.005608                 26.084255281907048
0.0021069012932055466     0.0011320870790722404    0.005608                 16.037326813645905
0.002061557781112333      0.001073547325258746     0.005608                 29.38853178468949
0.002132132667252865      0.001095909738261118     0.005608                 14.83367896688182
0.002086789155159651      0.0010373699844476235    0.005608                 32.23235813861393
0.0021573640413001835     0.0010597323974499953    0.005608                 12.81218119799162
0.00211202052920697       0.001001192643636501     0.005608                 34.615734343680344
0.0021017820572041238     0.0012629815145079799    0.005608000000000001     13.034230359151138
0.002127013431251442      0.0012268041736968574    0.005608                 13.625835097832464
0.0021522448052987606     0.0011906268328857347    0.005608                 13.399589914385672
0.0021774761793460795     0.0011544494920746123    0.005608                 12.355494808812011
0.002202707553393398      0.0011182721512634898    0.005608000000000001     10.493549781110431
0.002172356943344656      0.0012853439275103517    0.005608                 13.044366024834744
0.0021975883173919746     0.0012491665866992293    0.005608                 12.977673582578177
0.002222819691439293      0.0012129892458881066    0.005608                 12.09313121819293
0.002248051065486612      0.0011768119050769841    0.005608                 10.390738931681142
0.002242931829485189      0.0013077063405127235    0.005608                 14.771577818220976
0.002268163203532507      0.001271528999701601     0.005608                 14.046588195026061
0.002293394577579826      0.0012353516588904786    0.005608                 12.503748649703311
0.002313506715625721      0.0013300687535150954    0.005608                 18.21586573931097
0.0023387380896730398     0.001293891412703973     0.005608                 16.83257893517831
0.0023840816017662537     0.0013524311665174674    0.005608                 23.37722978810359
0.0018896276406264224     0.001272779192179401     0.005608                 -46.871540759740526
0.001897702526766955      0.0013534749385151063    0.005608                 -48.896443892975924
0.0019057774129074875     0.0014341706848508115    0.005608000000000001     -40.260160501552605
0.00191385229904802       0.0015148664311865165    0.005608000000000001     -31.20588036261006
0.0019219271851885526     0.0015955621775222218    0.005608000000000001     -21.733603476150847
0.0019300020713290849     0.001676257923857927     0.005608000000000002     -11.843329842174171
0.0019380769574696176     0.001756953670193632     0.005608000000000002     -1.5350594606778145
0.0019461518436101502     0.0018376494165293373    0.005608000000000002     -6.689058956546397
0.0018438543703771049     0.0012911243550444433    0.005608                 -39.51994328274748
0.0018519292565176372     0.0013718201013801488    0.005608                 -45.58840349755667
0.00186000414265817       0.0014525158477158538    0.005608                 -38.0053575695797
0.0018680790287987025     0.0015332115940515588    0.005608                 -30.00431489408618
0.001876153914939235      0.0016139073403872643    0.005608000000000002     -21.585275471074738
0.0018842288010797674     0.0016946030867229693    0.005608000000000002     -12.74823930054481
0.0018923036872203        0.0017752988330586744    0.005608000000000002     -14.715825228213625
0.001798081100127787      0.0013094695179094859    0.005608                 -32.42398213223669
0.0018061559862683194     0.0013901652642451911    0.005608                 -42.775531182483746
0.0018142308724088522     0.0014708610105808964    0.005608                 -36.245722717954436
0.0018223057585493845     0.0015515567569166014    0.005608                 -29.297917505908117
0.001830380644689917      0.0016322525032523066    0.005608000000000001     -21.93211554634422
0.0018384555308304496     0.0017129482495880119    0.005608000000000001     -20.635022872527408
0.0017523078298784692     0.0013278146807745282    0.005608                 -25.583657308208444
0.001760382716019002      0.0014085104271102334    0.005608                 -40.45782694775585
0.0017684576021595342     0.0014892061734459385    0.005608                 -34.98125594667431
0.001776532488300067      0.0015699019197816437    0.005608000000000001     -29.08668819807508
0.0017846073744405993     0.001650597666117349     0.005608000000000001     -24.446651889491292
0.0017065345596291516     0.0013461598436395705    0.005608                 -18.998968810661154
0.0017146094457696842     0.0014268555899752758    0.005608                 -38.63529079337377
0.0017226843319102167     0.001507551336310981     0.005608000000000001     -34.211957255741254
0.0017307592180507492     0.001588247082646686     0.005608000000000001     -26.15071227910503
0.0016607612893798336     0.001364505006504613     0.005608                 -12.669916639599364
0.0016688361755203664     0.0014452007528403183    0.005608                 -37.30792271933842
0.0016769110616608987     0.0015258964991760235    0.005608                 -25.747204041367503
0.0016149880191305161     0.0013828501693696554    0.005608                 -6.596500795016084
0.0016230629052710486     0.0014635459157053606    0.005608                 -23.236127176281308
0.0015692147488811984     0.0014011953322346977    0.005608                 43.48139798192127
8.124562499286845E-4      7.96766623198248E-4      0.005608                 -37.3171887813153
8.358992186875989E-4      7.596707952984669E-4     0.005608                 -38.154197515447414
8.593158846330676E-4      8.124721127806757E-4     0.005608                 -77.6378948739242
8.827588533919821E-4      7.753762848808947E-4     0.005608                 -52.815504559536976
8.593421874465135E-4      7.225749673986859E-4     0.005607999999999999     -40.52774546069112
9.062018221508965E-4      7.382804569811138E-4     0.005608                 -58.75884596825773
8.82785156205428E-4       6.85479139498905E-4      0.005608                 -42.363771608889515
9.29644790909811E-4       7.011846290813328E-4     0.005608                 -64.30847316047726
9.062281249643424E-4      6.48383311599124E-4      0.005608                 -43.66227596004389
9.530877596687255E-4      6.640888011815517E-4     0.005608                 -69.4643861361966
9.296710937232568E-4      6.11287483699343E-4      0.005607999999999999     -44.42325851415335
9.7653072842764E-4        6.269929732817708E-4     0.005608                 -74.22658489541493
9.531140624821714E-4      5.741916557995619E-4     0.005608                 -44.64671927121948
9.999736971865545E-4      5.898971453819898E-4     0.005608                 -78.59506943813216
9.765570312410857E-4      5.37095827899781E-4      0.005607999999999999     -44.332658231240806
0.001023416665945469      5.528013174822088E-4     0.005607999999999999     -41.04414421225244
0.0010000000000000002     5.0E-4                   0.005607999999999999     -28.98738359614467
9.061755193374508E-4      8.281776023631034E-4     0.005608                 -71.93532069704932
9.296184880963653E-4      7.910817744633226E-4     0.005608                 -53.82983127371244
9.530614568552797E-4      7.539859465635415E-4     0.005608                 -59.59588951524643
9.765044256141942E-4      7.168901186637605E-4     0.005608                 -64.96823354027879
9.999473943731086E-4      6.797942907639796E-4     0.005608                 -69.94686334880998
0.001023390363132023      6.426984628641985E-4     0.005608                 -74.53177894084013
0.0010468333318909375     6.056026349644176E-4     0.005608                 -39.04016789142373
9.530351540418341E-4      8.438830919455314E-4     0.005608                 -66.63257211782728
9.764781228007483E-4      8.067872640457503E-4     0.005608                 -55.42875744612354
9.999210915596628E-4      7.696914361459694E-4     0.005607999999999999     -61.017532520466716
0.0010233640603185773     7.325956082461884E-4     0.005608                 -66.21259337831202
0.0010468070290774918     6.954997803464074E-4     0.005607999999999999     -71.01394001965605
0.0010702499978364063     6.584039524466265E-4     0.005607999999999999     -37.46914643173086
9.99894788746217E-4       8.595885815279591E-4     0.005608                 -61.729649136259454
0.0010233377575051316     8.224927536281781E-4     0.005608                 -57.61228307676288
0.001046780726264046      7.853969257283972E-4     0.005608                 -63.02377498392025
0.0010702236950229605     7.483010978286161E-4     0.005608                 -68.041552674576
0.001093666663781875      7.112052699288352E-4     0.005608                 -36.331079833174286
0.0010467544234506        8.752940711103869E-4     0.005608                 -57.2265517523433
0.0010701973922095146     8.381982432106059E-4     0.005608                 -60.38040816563489
0.001093640360968429      8.011024153108249E-4     0.005608                 -65.61461690560486
0.0011170833297273436     7.640065874110439E-4     0.005608                 -35.62596809575412
0.0010936140581549833     8.909995606928148E-4     0.005608                 -53.123279966081185
0.0011170570269138978     8.539037327930338E-4     0.005608                 -63.7331327127398
0.0011404999956728123     8.168079048932528E-4     0.005607999999999999     -35.353811219469556
0.0011404736928593666     9.067050502752426E-4     0.005608                 -49.41983377747137
0.001163916661618281      8.696092223754615E-4     0.005608                 -35.51460920432164
0.0011873333275637496     9.224105398576703E-4     0.005608                 -18.365608420087288
0.0010895514419431407     0.0014201846121003978    0.005608                 -53.73794883535391
0.0011017741776457167     0.001357962853070057     0.005608                 -81.48773488870073
0.0011495093553103978     0.0014178109521171853    0.005608                 -38.72004422140447
0.001161732091012974      0.0013555891930868444    0.005608                 -86.22741593758636
0.001113996913348293      0.001295741094039716     0.005608                 -83.36495667806162
0.00117395482671555       0.0012933674340565033    0.005608                 -83.25749454260509
0.0011262196490508692     0.001233519335009375     0.005608                 -84.78302683797699
0.0011861775624181262     0.0012311456750261625    0.005608                 -79.85625600776316
0.0011384423847534452     0.001171297575979034     0.005608                 -85.74194536844095
0.0011984002981207022     0.0011689239159958216    0.005608                 -76.02370033306366
0.0011506651204560212     0.001109075816948693     0.005608                 -86.24171226946066
0.0012106230338232782     0.0011067021569654805    0.005608                 -71.7598275185036
0.0011628878561585974     0.0010468540579183522    0.005608                 -86.28232754103192
0.0012228457695258545     0.0010444803979351397    0.005608                 -67.06463756408425
0.0011751105918611736     9.846322988880112E-4     0.005608                 -85.86379118315732
0.0012350685052284307     9.822586389047988E-4     0.005608                 -29.334675223081
0.001209467268677655      0.0014154372921339727    0.005608                 -22.56014391860667
0.0012216900043802313     0.001353215533103632     0.005608                 -59.31944340172336
0.0012339127400828073     0.001290993774073291     0.005608                 -55.69890296752837
0.0012461354757853835     0.00122877201504295      0.005608                 -51.64704539346657
0.0012583582114879595     0.001166550256012609     0.005608                 -47.16387067955003
0.0012705809471905357     0.0011043284969822682    0.005608                 -42.24937882577264
0.0012828036828931117     0.001042106737951927     0.005608                 -9.50839537277107
0.0012694251820449124     0.0014130636321507603    0.005608                 -6.217738174863143
0.0012816479177474884     0.0013508418731204195    0.005608                 -31.931713448369564
0.0012938706534500646     0.0012886201140900784    0.005608                 -27.66055397495174
0.0013060933891526406     0.0012263983550597375    0.005608                 -22.95807736168075
0.0013183161248552168     0.0011641765960293967    0.005608                 -17.82428360854388
0.0013305388605577928     0.0011019548369990556    0.005608                 10.13799226034503
0.0013293830954121694     0.0014106899721675478    0.005608                 10.307173009828333
0.0013416058311147457     0.001348468213137207     0.005608                 -4.064226077524054
0.0013538285668173219     0.0012862464541068658    0.005608                 0.8575524351079764
0.0013660513025198979     0.001224024695076525     0.005608                 6.210648087600646
0.0013782740382224739     0.0011618029360461841    0.005608                 29.60448767626186
0.0013893410087794267     0.0014083163121843352    0.005608                 27.01458963546702
0.001401563744482003      0.0013460945531539943    0.005608                 24.28301871081227
0.001413786480184579      0.0012838727941236533    0.005608                 29.85541626266395
0.0014260092158871552     0.0012216510350933124    0.005608                 48.89109087498737
0.001449298922146684      0.0014059426522011228    0.005608                 43.904511702054336
0.00146152165784926       0.0013437208931707818    0.005608                 53.11002091664399
0.001473744393551836      0.001281499134140441     0.005608                 67.99780185651429
0.0015092568355139413     0.0014035689922179103    0.005608                 60.97693920958512
0.0015214795712165173     0.0013413472331875694    0.005608                 86.92462062084749
8.328618602814163E-4      0.001072378110178123     0.005608                 -13.238691737267658
8.303111589873249E-4      0.0010379266743056387    0.005608                 -52.30443757094771
8.771707936917079E-4      0.0010536321638880664    0.005608                 -50.7673518379878
8.746200923976165E-4      0.001019180728015582     0.005608                 -70.11952357021312
8.277604576932333E-4      0.0010034752384331543    0.005608                 -53.421018864648616
8.720693911035251E-4      9.847292921430979E-4     0.005608                 -76.56053157706349
8.252097563991418E-4      9.690238025606699E-4     0.005608                 -54.55054447431465
8.695186898094334E-4      9.502778562706132E-4     0.005608                 -83.00365753072948
8.226590551050504E-4      9.345723666881855E-4     0.005608                 -55.69301439994569
8.66967988515342E-4       9.158264203981289E-4     0.005608                 -89.44890143120932
8.20108353810959E-4       9.001209308157011E-4     0.005608                 -56.84842864154089
8.644172872212506E-4      8.813749845256446E-4     0.005608                 -95.8962632785035
8.175576525168675E-4      8.656694949432167E-4     0.005608                 -58.01678719910127
8.618665859271592E-4      8.469235486531601E-4     0.005608                 -102.34574307261045
8.15006951222776E-4       8.312180590707324E-4     0.005608                 -59.19809007262673
9.214797271019996E-4      0.0010348862175980098    0.005608                 -52.54791596985547
9.189290258079082E-4      0.0010004347817255256    0.005608                 -66.21479995339203
9.163783245138167E-4      9.65983345853041E-4      0.005608                 -72.20772058476896
9.138276232197252E-4      9.315319099805566E-4     0.005608                 -78.20275916296072
9.112769219256337E-4      8.970804741080722E-4     0.005608                 -84.19991568796667
9.087262206315423E-4      8.62629038235588E-4      0.005608                 -90.1991901597859
9.657886605122913E-4      0.0010161402713079533    0.005608                 -53.88283414665793
9.632379592181999E-4      9.81688835435469E-4      0.005608                 -61.62683537588323
9.606872579241083E-4      9.472373995629846E-4     0.005608                 -67.17166863178522
9.581365566300169E-4      9.127859636905002E-4     0.005608                 -72.7186198345033
9.555858553359255E-4      8.783345278180158E-4     0.005608                 -78.26768898403395
0.001010097593922583      9.973943250178967E-4     0.005608                 -54.77210636839536
0.0010075468926284915     9.629428891454123E-4     0.005608                 -56.355629837685214
0.0010049961913344        9.284914532729279E-4     0.005608                 -61.45237571811384
0.0010024454900403085     8.940400174004435E-4     0.005608                 -66.55123954535686
0.0010544065273328746     9.7864837872784E-4       0.005608                 -55.21573263506829
0.0010518558260387831     9.441969428553557E-4     0.005608                 -50.40118333879849
0.0010493051247446915     9.097455069828713E-4     0.005608                 -55.049841843753455
0.0010987154607431664     9.599024324377836E-4     0.005608                 -55.213712946677276
0.0010961647594490748     9.254509965652992E-4     0.005608                 -43.76349587922384
0.001143024394153458      9.41156486147727E-4      0.005608                 -54.76604730322083
8.649480579891319E-4      0.0011158539229184075    0.005608                 7.241989971236254
9.092569913994235E-4      0.0010971079766283506    0.005608                 -38.03663396749189
9.535659248097151E-4      0.0010783620303382942    0.005608                 -45.460242770317485
9.97874858220007E-4       0.0010596160840482378    0.005608                 -52.67580062370217
0.0010421837916302986     0.001040870137758181     0.005608                 -59.68330752764628
0.0010864927250405902     0.0010221241914681245    0.005608                 -66.48276348215009
0.001130801658450882      0.001003378245178068     0.005608                 -73.07416848721387
8.970342556968474E-4      0.0011593297356586917    0.005608                 3.746703996928325
9.41343189107139E-4       0.0011405837893686353    0.005608                 -38.7519511950771
9.856521225174307E-4      0.0011218378430785786    0.005608                 -46.58140429564684
0.0010299610559277223     0.001103091896788522     0.005608                 -54.202806446779185
0.001074269989338014      0.0010843459504984653    0.005608                 -61.61615764846698
0.0011185789227483056     0.0010656000042084087    0.005608                 -68.82145790071732
9.291204534045629E-4      0.0012028055483989761    0.005608                 0.07252977232723268
9.734293868148545E-4      0.0011840596021089195    0.005608                 -40.000021848558205
0.0010177383202251463     0.0011653136558188628    0.005608                 -48.235319246875946
0.001062047253635438      0.0011465677095288064    0.005608                 -56.26256569575039
0.0011063561870457296     0.0011278217632387498    0.005608                 -64.08176119518596
9.612066511122785E-4      0.0012462813611392605    0.005608                 -3.780532702568294
0.0010055155845225701     0.0012275354148492037    0.005608                 -41.780845927934294
0.001049824517932862      0.0012087894685591473    0.005608                 -50.42198762399709
0.0010941334513431536     0.0011900435222690908    0.005608                 -58.85507837061988
9.932928488199941E-4      0.0012897571738795448    0.005608                 -7.812483427755648
0.0010376017822302857     0.0012710112275894883    0.005608                 -44.09442343321173
0.0010819107156405773     0.0012522652812994315    0.005608                 -53.14140942701889
0.0010253790465277095     0.0013332329866198292    0.005608                 -12.023322403236529
0.0010696879799380013     0.0013144870403297725    0.005608                 -46.94075436438075
0.0010574652442354251     0.0013767087993601134    0.005608                 -16.413049629010224
7.912541277462393E-4      0.0011174975130725244    0.005608                 29.93974758472219
8.233403254539549E-4      0.0011609733258128086    0.005608                 40.22475325380354
8.554265231616703E-4      0.001204449138553093     0.005608                 33.94291226400972
8.875127208693859E-4      0.0012479249512933773    0.005608                 27.836048199525457
9.195989185771015E-4      0.0012914007640336617    0.005608                 21.90416106035026
9.516851162848171E-4      0.0013348765767739461    0.005608                 16.147250846485527
9.837713139925325E-4      0.0013783523895142303    0.005608                 10.5653175579302
0.0010158575117002481     0.0014218282022545148    0.005608                 7.665629393456129
7.496463952110622E-4      0.0011626169159669256    0.005608                 26.649453485917586
7.817325929187778E-4      0.00120609272870721      0.005608                 35.93485984554949
8.138187906264933E-4      0.0012495685414474944    0.005608                 30.05227688473698
8.459049883342088E-4      0.0012930443541877786    0.005608                 24.344670849234262
8.779911860419244E-4      0.001336520166928063     0.005608                 18.812041739042023
9.1007738374964E-4        0.0013799959796683473    0.005608                 13.454389554158954
9.421635814573556E-4      0.0014234717924086317    0.005608                 9.714111846858135
7.080386626758851E-4      0.001207736318861327     0.005608                 23.547316309268577
7.401248603836007E-4      0.0012512121316016114    0.005608                 32.01927393293505
7.722110580913163E-4      0.0012946879443418956    0.005608                 26.53594900110511
8.042972557990317E-4      0.00133816375708218      0.005608                 21.227600994584392
8.363834535067474E-4      0.0013816395698224644    0.005608                 16.09422991337452
8.68469651214463E-4       0.0014251153825627486    0.005608                 11.60131233515919
6.664309301407081E-4      0.0012528557217557283    0.005608                 20.63333605477402
6.985171278484237E-4      0.0012963315344960125    0.005608                 28.477995515961837
7.306033255561393E-4      0.001339807347236297     0.005608                 23.393928613113324
7.626895232638548E-4      0.0013832831599765814    0.005608                 18.4848386355754
7.947757209715704E-4      0.0014267589727168656    0.005608                 13.327230858359169
6.248231976055312E-4      0.0012979751246501295    0.005608                 17.907512722435282
6.569093953132467E-4      0.0013414509373904139    0.005608                 25.31102459462791
6.889955930209622E-4      0.0013849267501306983    0.005608                 20.626215720761998
7.210817907286778E-4      0.0014284025628709825    0.005608                 14.891867416457591
5.832154650703541E-4      0.0013430945275445308    0.005608                 15.369846312251564
6.153016627780696E-4      0.0013865703402848152    0.005608                 22.518361168935485
6.473878604857852E-4      0.0014300461530250995    0.005608                 16.295222009455056
5.41607732535177E-4       0.001388213930438932     0.005608                 13.020336824223444
5.736939302428926E-4      0.0014316897431792164    0.005608                 17.537294637351394
5.0E-4                    0.0014333333333333333    0.005608                 -4.933010808245577
0.001078357511700248      0.0014801615355878482    0.005608                 -103.29399878725569
0.0010046635814573556     0.0014818051257419651    0.005608                 -3.8036386337309693
0.0010671635814573557     0.0015401384590752985    0.005608                 -120.58524480595831
9.93469651214463E-4       0.0015417820492294153    0.005608                 -17.267956269497375
0.001055969651214463      0.0016001153825627487    0.005608                 -137.40848037383412
9.822757209715703E-4      0.0016017589727168656    0.005608                 -30.220055315066745
0.0010447757209715704     0.001660092306050199     0.005608                 -153.76370549088503
9.710817907286778E-4      0.001661735896204316     0.005608                 -42.65993577044331
0.0010335817907286778     0.0017200692295376494    0.005608                 -169.65092015710957
9.598878604857853E-4      0.0017217128196917663    0.005608                 -54.58759763562736
0.001022387860485785      0.0017800461530250995    0.005608                 -185.07012437250734
9.486939302428927E-4      0.0017816897431792164    0.005608                 -66.00304091061501
0.0010111939302428926     0.0018400230765125499    0.005608                 -200.02131813708004
9.375E-4                  0.0018416666666666668    0.005608                 -56.15550616703203
0.001                     0.0019000000000000002    0.005608                 -153.31017535924153
9.30969651214463E-4       0.001483448715896082     0.005608                 -2.3406309425999154
9.197757209715704E-4      0.0015434256393835324    0.005608                 -15.325552694136348
9.085817907286778E-4      0.0016034025628709825    0.005608                 -27.798255855477876
8.973878604857852E-4      0.001663379486358433     0.005608                 -39.75874042662688
8.861939302428926E-4      0.0017233564098458832    0.005608                 -51.20700640758153
8.75E-4                   0.0017833333333333334    0.005608                 -50.84017101686854
8.572757209715704E-4      0.001485092306050199     0.005608                 -0.950955544656793
8.460817907286777E-4      0.0015450692295376491    0.005608                 -13.456481411963956
8.348878604857851E-4      0.0016050461530250995    0.005608                 -25.44978868907837
8.236939302428926E-4      0.0016650230765125498    0.005608                 -36.93087737599684
8.125000000000001E-4      0.0017250000000000002    0.005608                 -45.609447569513954
7.835817907286778E-4      0.001486735896204316     0.005608                 0.36538756009821327
7.723878604857852E-4      0.0015467128196917663    0.005608                 -11.660742422980933
7.611939302428926E-4      0.0016066897431792164    0.005608                 -23.17465381586436
7.5E-4                    0.0016666666666666668    0.005608                 -40.463335824965625
7.098878604857852E-4      0.0014883794863584329    0.005608                 1.6083983716645287
6.986939302428926E-4      0.0015483564098458832    0.005608                 -9.938335727185226
6.875E-4                  0.0016083333333333334    0.005608                 -35.401835783223454
6.361939302428927E-4      0.0014900230765125498    0.005608                 2.7780768900428434
6.25E-4                   0.0015500000000000002    0.005608                 -30.424947444288676
5.625000000000001E-4      0.0014916666666666667    0.005608                 -25.532670808161953
4.999999999999999E-4      9.666666666666667E-4     0.005607999999999999     2.6103544503814473
5.41607732535177E-4       9.798805971055987E-4     0.005607999999999999     3.7615347850015004
4.999999999999999E-4      0.0010249999999999999    0.005607999999999999     9.76157751123028E-16
5.41607732535177E-4       0.0010382139304389321    0.005608                 3.1668153018485015
5.83215465070354E-4       9.930945275445308E-4     0.005608                 3.1392643517876655
5.83215465070354E-4       0.0010514278608778642    0.005608                 5.906498074535136
6.24823197605531E-4       0.0010063084579834628    0.005607999999999999     2.048720375930565
6.248231976055312E-4      0.0010646417913167962    0.005608                 8.219048318059492
6.664309301407081E-4      0.0010195223884223949    0.005608                 0.4899028574299864
6.664309301407081E-4      0.001077855721755728     0.005608                 10.104466032421726
7.080386626758851E-4      0.001032736318861327     0.005608                 -1.5371882037139306
7.080386626758851E-4      0.0010910696521946603    0.005608                 11.562751217622463
7.496463952110622E-4      0.001045950249300259     0.005607999999999999     -4.032552807501042
7.496463952110621E-4      0.0011042835826335922    0.005608                 12.59390387366102
7.912541277462392E-4      0.001059164179739191     0.005608                 -6.996190953931617
4.999999999999999E-4      0.0010833333333333333    0.005608                 -7.834072723897168E-16
5.41607732535177E-4       0.0010965472637722655    0.005608                 2.9522458629325
5.83215465070354E-4       0.0011097611942111974    0.005608                 5.4773591967029915
6.24823197605531E-4       0.0011229751246501294    0.005608                 7.5753400013113605
6.664309301407081E-4      0.0011361890550890615    0.005608                 9.246188276757607
7.080386626758851E-4      0.0011494029855279937    0.005608                 10.48990402304213
5.0E-4                    0.0011416666666666667    0.005607999999999999     -2.445299304634845E-15
5.41607732535177E-4       0.0011548805971055987    0.005607999999999999     2.737676424016456
5.83215465070354E-4       0.0011680945275445308    0.005608                 5.04822031887079
6.248231976055312E-4      0.0011813084579834628    0.005607999999999999     6.931631684563172
6.664309301407081E-4      0.0011945223884223949    0.005608                 8.387910521093715
5.0E-4                    0.0012000000000000001    0.005608                 -4.009518345612349E-15
5.41607732535177E-4       0.001213213930438932     0.005608                 2.523106985100412
5.832154650703541E-4      0.0012264278608778642    0.005608                 4.6190814410388725
6.248231976055312E-4      0.001239641791316796     0.005608                 6.287923367814756
5.0E-4                    0.0012583333333333333    0.005608                 -5.476064395322206E-15
5.41607732535177E-4       0.0012715472637722654    0.005608                 2.30853754618434
5.832154650703541E-4      0.0012847611942111974    0.005608                 4.189942563206586
5.0E-4                    0.0013166666666666667    0.005607999999999999     -6.84493745376449E-15
5.41607732535177E-4       0.0013298805971055988    0.005608                 2.093968107268367
5.0E-4                    0.001375                 0.005608                 -8.116137520939157E-15
7.887034264521477E-4      0.0010247127438667066    0.005608                 -24.479881912813838
7.470956939169707E-4      0.0010114988134277746    0.005608                 -18.201309466201067
7.054879613817937E-4      9.982848829888425E-4     0.005608                 -12.432151575712965
6.638802288466167E-4      9.850709525499105E-4     0.005608                 -7.172408241348926
6.222724963114395E-4      9.718570221109785E-4     0.005608                 -2.42207946310986
5.806647637762626E-4      9.586430916720464E-4     0.005608                 1.818834759004588
5.390570312410855E-4      9.454291612331143E-4     0.005607999999999999     1.7564685270737048
7.861527251580562E-4      9.902613079942222E-4     0.005608                 -20.291242529930713
7.445449926228793E-4      9.770473775552902E-4     0.005608                 -14.479963495358305
7.029372600877022E-4      9.638334471163581E-4     0.005608                 -9.178099016910423
6.613295275525251E-4      9.506195166774261E-4     0.005608                 -4.385649094587237
6.197217950173481E-4      9.37405586238494E-4      0.005608                 -0.1026137283886186
5.78114062482171E-4       9.24191655799562E-4      0.005608                 0.172823404473343
7.836020238639648E-4      9.558098721217378E-4     0.005608                 -16.126373832162784
7.419942913287879E-4      9.425959416828058E-4     0.005607999999999999     -10.782388209631193
7.003865587936107E-4      9.293820112438738E-4     0.005608                 -5.947817143223844
6.587788262584337E-4      9.161680808049417E-4     0.005607999999999999     -1.6226606329412832
6.171710937232567E-4      9.029541503660097E-4     0.005607999999999999     -0.8354036922288532
7.810513225698734E-4      9.213584362492535E-4     0.005608                 -11.985275819510917
7.394435900346963E-4      9.081445058103214E-4     0.005608                 -7.10858360901949
6.978358574995193E-4      8.949305753713894E-4     0.005608                 -2.7413059546530576
6.562281249643423E-4      8.817166449324573E-4     0.005608                 -1.2682127630329463
7.78500621275782E-4       8.869070003767691E-4     0.005608                 -7.867948491974772
7.368928887406049E-4      8.73693069937837E-4      0.005608                 -3.458549693523949
6.952851562054278E-4      8.60479139498905E-4      0.005608                 -1.1256038079390027
7.759499199816904E-4      8.524555645042847E-4     0.005608                 -3.7743918495539646
7.343421874465134E-4      8.392416340653526E-4     0.005607999999999999     -0.40757682694681385
7.733992186875989E-4      8.180041286318003E-4     0.005608                 0.8858681799435975
5.0E-4                    0.0019                   0.005608                 -171.05433609916508
5.0E-4                    0.0018416666666666666    0.005608                 -160.1720816257978
5.625000000000001E-4      0.0019                   0.005608                 -160.08380254390343
5.625000000000001E-4      0.0018416666666666668    0.005608                 -147.95909212202704
5.0E-4                    0.0017833333333333334    0.005608                 -148.32453834961092
5.625000000000001E-4      0.0017833333333333334    0.005608                 -134.86909289733174
5.0E-4                    0.001725                 0.005608                 -135.51170627060478
5.625000000000001E-4      0.0017250000000000002    0.005608                 -120.81380486981611
5.0E-4                    0.0016666666666666666    0.005608                 -121.73358538877825
5.625000000000001E-4      0.0016666666666666668    0.005608                 -105.79322803948057
5.0E-4                    0.0016083333333333334    0.005608                 -106.99017570413193
5.625000000000001E-4      0.0016083333333333334    0.005608                 -89.80736240632564
5.0E-4                    0.00155                  0.005608                 -91.28147721666615
5.625000000000001E-4      0.0015500000000000002    0.005608                 -72.85620797035118
5.0E-4                    0.0014916666666666667    0.005608                 -74.60748992638051
6.25E-4                   0.0019000000000000002    0.005608                 -147.24296382860535
6.25E-4                   0.0018416666666666668    0.005608                 -133.87579745821992
6.25E-4                   0.0017833333333333334    0.005608                 -119.54334228501612
6.25E-4                   0.001725                 0.005608                 -104.2455983089917
6.25E-4                   0.0016666666666666666    0.005608                 -87.98256553014788
6.25E-4                   0.0016083333333333336    0.005608                 -70.75424394848328
6.875E-4                  0.0019                   0.005608                 -132.53181995327216
6.875E-4                  0.0018416666666666668    0.005608                 -117.9221976343786
6.875E-4                  0.0017833333333333334    0.005608                 -102.34728651266455
6.875E-4                  0.001725                 0.005608                 -85.80708658813136
6.875E-4                  0.0016666666666666666    0.005608                 -68.30159786077841
7.5E-4                    0.0019000000000000002    0.005608                 -115.95037091790414
7.5E-4                    0.0018416666666666668    0.005608                 -100.09829265050125
7.5E-4                    0.0017833333333333334    0.005608                 -83.28092558027943
7.5E-4                    0.001725                 0.005608                 -65.49826970723669
8.125000000000001E-4      0.0019000000000000002    0.005608                 -97.49861672249882
8.125000000000001E-4      0.0018416666666666668    0.005608                 -80.40408250658714
8.125000000000001E-4      0.0017833333333333334    0.005608                 -62.344259487855965
8.75E-4                   0.0019                   0.005608                 -77.17655736705825
8.75E-4                   0.0018416666666666668    0.005608                 -58.83956720263848
9.375E-4                  0.0019000000000000002    0.005608                 -54.984192851584126
0.002                     5.0E-4                   0.005608                 -0.6095917755899161
0.0020625                 5.0E-4                   0.005608                 0
0.002017156487906786      5.581269128531723E-4     0.005608                 -7.606242914932271
0.002079656487906786      5.581269128531723E-4     0.005608                 -6.379595262267772
0.002125                  5.0E-4                   0.005608                 0
0.002142156487906786      5.581269128531723E-4     0.005608                 -5.9474946870202015
0.0021875                 5.0E-4                   0.005608                 0
0.002204656487906786      5.581269128531723E-4     0.005608                 -5.515394111772004
0.0022500000000000003     5.0E-4                   0.005608                 0
0.002267156487906786      5.581269128531723E-4     0.005608                 -5.0832935365235805
0.0023125000000000003     5.0E-4                   0.005608                 0
0.002329656487906786      5.581269128531723E-4     0.005608                 -4.651192961275894
0.002375                  5.0E-4                   0.005608                 0
0.002392156487906786      5.581269128531723E-4     0.005608                 -4.219092386027754
0.0024375000000000004     5.0E-4                   0.005608                 0
0.002454656487906786      5.581269128531723E-4     0.005608                 0.07848652230681274
0.0025                    5.0E-4                   0.005608                 0
0.0020343129758135722     6.162538257063446E-4     0.005608                 -13.632254378176308
0.0020968129758135723     6.162538257063446E-4     0.005608                 -12.12231092033591
0.0021593129758135723     6.162538257063446E-4     0.005608                 -11.258109769840086
0.002221812975813572      6.162538257063446E-4     0.005608                 -10.393908619343918
0.002284312975813572      6.162538257063446E-4     0.005608                 -9.52970746884764
0.002346812975813572      6.162538257063446E-4     0.005608                 -8.66550631835159
0.002409312975813572      6.162538257063446E-4     0.005608                 -0.6423169622838314
0.0020514694637203583     6.74380738559517E-4      0.005608                 -18.99242205311564
0.0021139694637203584     6.74380738559517E-4      0.005608                 -17.22814697420339
0.002176469463720358      6.74380738559517E-4      0.005608                 -15.931845248459538
0.002238969463720358      6.74380738559517E-4      0.005608                 -14.635543522716254
0.002301469463720358      6.74380738559517E-4      0.005608                 -13.339241796971379
0.002363969463720358      6.74380738559517E-4      0.005608                 -2.16241045377307
0.0020686259516271444     7.325076514126893E-4     0.005608                 -23.686745939752214
0.0021311259516271445     7.325076514126893E-4     0.005608                 -21.69710342387146
0.0021936259516271445     7.325076514126893E-4     0.005608                 -19.96870112288004
0.002256125951627144      7.325076514126893E-4     0.005608                 -18.24029882188657
0.002318625951627144      7.325076514126893E-4     0.005608                 -4.4817939521583465
0.0020857824395339305     7.906345642658616E-4     0.005608                 -27.7152260380851
0.0021482824395339306     7.906345642658616E-4     0.005608                 -25.529180269340245
0.00221078243953393       7.906345642658616E-4     0.005608                 -23.368677393099887
0.0022732824395339303     7.906345642658616E-4     0.005608                 -7.600467457442672
0.002102938927440716      8.487614771190338E-4     0.005608                 -31.077862348112724
0.0021654389274407162     8.487614771190338E-4     0.005608                 -28.72437751060609
0.0022279389274407163     8.487614771190338E-4     0.005608                 -11.518430969623312
0.0021200954153475023     9.068883899722062E-4     0.005608                 -33.77465486983917
0.0021825954153475023     9.068883899722062E-4     0.005608                 -16.235684488700816
0.0025                    9.083333333333333E-4     0.005608                 0
0.0024546564879067857     9.081269128531722E-4     0.005608                 1.6177748804175298
0.002409312975813572      9.079204923730113E-4     0.005608                 2.639687951661248
0.002363969463720358      9.077140718928502E-4     0.005608                 3.065739213731063
0.002318625951627144      9.075076514126893E-4     0.005608                 2.895928666626652
0.0022732824395339303     9.073012309325282E-4     0.005608                 2.130256310348404
0.0022279389274407163     9.070948104523671E-4     0.005608                 0.7687221448964561
0.0025                    8.5E-4                   0.005608                 0
0.002454656487906786      8.49793579519839E-4      0.005608                 2.0054732095801495
0.002409312975813572      8.49587159039678E-4      0.005608                 3.4150846099864873
0.002363969463720358      8.493807385595169E-4     0.005608                 4.228834201218829
0.002318625951627144      8.491743180793559E-4     0.005608                 4.446721983277216
0.0022732824395339303     8.489678975991949E-4     0.005608                 4.068747956161623
0.0025                    7.916666666666666E-4     0.005608                 0
0.002454656487906786      7.914602461865055E-4     0.005608                 2.393171538742847
0.002409312975813572      7.912538257063447E-4     0.005608                 4.190481268311939
0.002363969463720358      7.910474052261836E-4     0.005608                 5.391929188706765
0.002318625951627144      7.908409847460225E-4     0.005608                 5.997515299927837
0.0025                    7.333333333333333E-4     0.005608                 0
0.002454656487906786      7.331269128531724E-4     0.005608                 2.780869867905502
0.002409312975813572      7.329204923730113E-4     0.005608                 4.965877926636908
0.002363969463720358      7.327140718928503E-4     0.005608                 6.555024176194701
0.0025                    6.75E-4                  0.005608                 0
0.002454656487906786      6.747935795198389E-4     0.005608                 3.1685681970681285
0.002409312975813572      6.74587159039678E-4      0.005608                 5.741274584962104
0.0025                    6.166666666666666E-4     0.005608                 0
0.002454656487906786      6.164602461865056E-4     0.005608                 3.5562665262307833
0.0025                    5.583333333333333E-4     0.005608                 0
0.0015                    0.0018999999999999998    0.005608                 2.4707630015221795
0.0015086518436101498     0.001837649416529337     0.005608                 24.130097591798616
0.0015625                 0.0019                   0.005608                 0.36536426672697075
0.0015711518436101499     0.001837649416529337     0.005608                 6.038411564475155E-4
0.0015173036872202998     0.0017752988330586744    0.005608                 25.431091781558393
0.0015798036872202996     0.0017752988330586742    0.005608                 -0.7359933898688951
0.0015259555308304493     0.0017129482495880114    0.005608                 26.366100787251625
0.0015884555308304494     0.0017129482495880117    0.005608                 -1.8444274263602836
0.001534607374440599      0.0016505976661173487    0.005608                 26.93512460887449
0.0015971073744405994     0.0016505976661173487    0.005608                 -3.3246982683077135
0.001543259218050749      0.001588247082646686     0.005608                 27.138163246432768
0.0016057592180507491     0.001588247082646686     0.005608                 -5.176805915713487
0.0015519110616608986     0.0015258964991760233    0.005608                 26.975216699919557
0.0016144110616608987     0.0015258964991760233    0.005608                 -7.400750368577434
0.0015605629052710486     0.0014635459157053606    0.005608                 26.446284969341235
0.0016250000000000001     0.0018999999999999998    0.005608                 -0.9669500521873715
0.00163365184361015       0.0018376494165293369    0.005608000000000001     -2.802296602765864
0.0016423036872202997     0.0017752988330586744    0.005608                 -5.009479958810687
0.0016509555308304494     0.0017129482495880119    0.005608                 -7.588500120314762
0.0016596073744405992     0.001650597666117349     0.005608                 -10.539357087277125
0.001668259218050749      0.001588247082646686     0.005608000000000001     -13.86205085970009
0.0016875000000000002     0.0018999999999999998    0.005608000000000001     -2.6827661550298956
0.00169615184361015       0.001837649416529337     0.005608000000000001     -5.988698830630057
0.0017048036872203        0.0017752988330586744    0.005608                 -9.666468311686657
0.0017134555308304495     0.0017129482495880117    0.005608                 -13.716074598205424
0.0017221073744405995     0.001650597666117349     0.005608000000000001     -18.13751769018524
0.0017500000000000003     0.0019                   0.005608000000000001     -4.782084041806968
0.00175865184361015       0.0018376494165293373    0.005608000000000001     -9.558602842424001
0.0017673036872202998     0.0017752988330586744    0.005608000000000001     -14.706958448500188
0.0017759555308304495     0.0017129482495880119    0.005608000000000001     -20.227150860032538
0.0018125000000000003     0.0019000000000000002    0.005608000000000001     -7.264903712527737
0.00182115184361015       0.0018376494165293373    0.005608000000000001     -13.512008638154374
0.0018298036872202998     0.0017752988330586746    0.005608000000000001     -20.13095036924323
0.0018750000000000004     0.0019                   0.005608000000000002     -10.13122516718306
0.0018836518436101501     0.0018376494165293373    0.005608000000000002     -17.84891621782289
0.0019375000000000004     0.0019000000000000002    0.005608000000000002     -13.381048405766578
0.0010625                 0.0019000000000000002    0.005608                 -300.7925659400009
0.0010736939302428926     0.0018400230765125499    0.005608                 -281.7181286298348
0.0010848878604857851     0.0017800461530250995    0.005608                 -262.2198890082132
0.0010960817907286777     0.0017200692295376492    0.005608                 -242.29784707513267
0.0011072757209715704     0.0016600923060501988    0.005608                 -221.95200283059387
0.001118469651214463      0.0016001153825627485    0.005608                 -201.1823562745966
0.0011296635814573555     0.0015401384590752985    0.005608                 -179.9889074071423
0.001140857511700248      0.0014801615355878482    0.005608                 -72.90020161447458
0.0011250000000000001     0.0019                   0.005608                 -264.3694675628313
0.0011361939302428925     0.0018400230765125499    0.005608                 -244.31655759116546
0.0011473878604857852     0.0017800461530250995    0.005608                 -223.83984530804184
0.001158581790728678      0.0017200692295376492    0.005608                 -202.93933071346046
0.0011697757209715703     0.001660092306050199     0.005608                 -181.6150138074215
0.001180969651214463      0.0016001153825627487    0.005608                 -159.86689458992183
0.0011921635814573556     0.0015401384590752983    0.005608                 -59.224116827135234
0.0011875000000000002     0.0019000000000000002    0.005608                 -227.55032490621346
0.0011986939302428927     0.0018400230765125499    0.005608                 -206.51894227304533
0.0012098878604857853     0.0017800461530250995    0.005608                 -185.06375732842017
0.0012210817907286778     0.0017200692295376492    0.005608                 -163.18477007233741
0.0012322757209715703     0.0016600923060501988    0.005608                 -140.88198050479429
0.001243469651214463      0.0016001153825627485    0.005608                 -46.49009564910459
0.00125                   0.0019                   0.005608                 -190.33513797014507
0.0012611939302428926     0.0018400230765125496    0.005608                 -168.32528267547843
0.0012723878604857853     0.0017800461530250995    0.005608                 -145.8916250693521
0.0012835817907286778     0.0017200692295376492    0.005608                 -123.03416515176612
0.0012947757209715704     0.0016600923060501988    0.005608                 -34.69813808038111
0.0013124999999999999     0.0018999999999999998    0.005608                 -152.72390675462887
0.0013236939302428926     0.0018400230765125494    0.005608                 -129.73557879845896
0.0013348878604857852     0.0017800461530250993    0.005608                 -106.32344853083148
0.0013460817907286777     0.001720069229537649     0.005608                 -23.848244120965703
0.0013750000000000001     0.0018999999999999998    0.005608                 -114.71663125966214
0.0013861939302428927     0.0018400230765125496    0.005608                 -90.749830641989
0.0013973878604857854     0.0017800461530250993    0.005608                 -13.940413770857909
0.0014375                 0.0019                   0.005608                 -76.31331148524485
0.0014486939302428927     0.0018400230765125496    0.005608                 -4.974647030059188
0.0015006049919037913     0.001465919575688573     0.005608                 46.40829245427369
0.0014919531482936418     0.0015282701591592357    0.005608                 46.47703497624184
0.001483301304683492      0.0015906207426298984    0.005608                 46.18564393553657
0.001474649461073342      0.0016529713261005613    0.005608                 45.534119332152606
0.0014659976174631923     0.0017153219095712238    0.005608                 44.522461166094715
0.0014573457738530425     0.0017776724930418867    0.005608                 43.150669437362794
0.0014406470785365342     0.0014682932356717853    0.005608                 41.05565221743922
0.0014319952349263845     0.0015306438191424483    0.005608                 41.26046893353054
0.0014233433913162347     0.0015929944026131112    0.005608                 41.10515208694788
0.001414691547706085      0.0016553449860837737    0.005608                 40.58970167768801
0.0014060397040959348     0.0017176955695544364    0.005608                 39.714117705754774
0.001380689165169277      0.001470666895654998     0.005608                 35.588265445004986
0.0013720373215591272     0.0015330174791256608    0.005608                 35.92915635522
0.0013633854779489774     0.0015953680625963235    0.005608                 35.90991370276042
0.0013547336343388277     0.0016577186460669862    0.005608                 35.530537487624514
0.0013207312518020197     0.0014730405556382105    0.005608                 30.006132136972944
0.00131207940819187       0.0015353911391088734    0.005608                 30.48309724131171
0.0013034275645817201     0.001597741722579536     0.005608                 30.59992878297564
0.0012607733384347626     0.001475414215621423     0.005608                 24.309252293340975
0.0012521214948246128     0.0015377647990920857    0.005608                 24.922291591802235
0.0012008154250675053     0.0014777878756046356    0.005608                 18.49762591410955
0.00207785585493904       9.554426272156001E-4     0.005608                 9.469400805413656
0.0020606993670322545     8.973157143624278E-4     0.005608                 -31.246156620076135
0.0020184598066237923     9.458699516058216E-4     0.005608                 7.576711082552805
0.002001303318717006      8.877430387526494E-4     0.005608                 -28.297720082626483
0.0019590637583085445     9.362972759960433E-4     0.005608                 6.211590144246799
0.0019419072704017582     8.78170363142871E-4      0.005608                 -24.396600952920835
0.0018996677099932962     9.267246003862649E-4     0.005608                 5.374037990496845
0.0018825112220865103     8.685976875330926E-4     0.005608                 -19.54279923095646
0.0018402716616780482     9.171519247764865E-4     0.005608                 5.06405462130428
0.001823115173771262      8.590250119233141E-4     0.005608                 -13.736314916734273
0.0017808756133628001     9.07579249166708E-4      0.005608                 5.281640036666403
0.0017637191254560142     8.494523363135357E-4     0.005608                 -6.97714801026018
0.0017214795650475523     8.980065735569295E-4     0.005608                 6.026794236584905
0.0017043230771407662     8.398796607037573E-4     0.005608                 0.04401553103301126
0.0016620835167323043     8.884338979471512E-4     0.005608                 57.6402607876293
0.0020435428791254684     8.391888015092554E-4     0.005608                 -27.67041956852802
0.00198414683081022       8.29616125899477E-4      0.005608                 -23.549412810666354
0.0019247507824949723     8.200434502896985E-4     0.005608                 -18.47572346054403
0.0018653547341797242     8.104707746799202E-4     0.005608                 -12.449351518168669
0.0018059586858644762     8.008980990701418E-4     0.005608                 -5.470296983534013
0.0017465626375492282     7.913254234603634E-4     0.005608                 2.0808852374728417
0.0020263863912186823     7.810618886560832E-4     0.005608                 -23.399874544570707
0.001966990342903434      7.714892130463048E-4     0.005608                 -18.106297566295552
0.0019075942945881862     7.619165374365263E-4     0.005608                 -11.860037995762696
0.0018481982462729381     7.523438618267479E-4     0.005608                 -4.6610958329712275
0.00178880219795769       7.427711862169695E-4     0.005608                 3.3931601277468637
0.002009229903311896      7.229349758029109E-4     0.005608                 -18.43452154820909
0.0019498338549966481     7.133623001931324E-4     0.005608                 -11.968374349518513
0.0018904378066814        7.03789624583354E-4      0.005608                 -4.549544558572165
0.0018310417583661523     6.942169489735756E-4     0.005608                 3.9808402018534963
0.00199207341540511       6.648080629497385E-4     0.005608                 -12.774360579436973
0.0019326773670898622     6.552353873399601E-4     0.005608                 -5.135643160335405
0.001873281318774614      6.456627117301817E-4     0.005608                 3.843925459794786
0.001974916927498324      6.066811500965662E-4     0.005608                 -6.419391638260123
0.0019155208791830762     5.971084744867878E-4     0.005608                 2.9824159015679985
0.001957760439591538      5.485542372433939E-4     0.005608                 1.3963115271751887
0.001650474920750916      9.525290772330944E-4     0.005608                 45.03271863748989
0.0016027397430862348     8.92680978185966E-4      0.005608                 125.69913546059256
0.0015911311471048465     9.567761574719094E-4     0.005608                 23.18794449299456
0.0016388663247695278     0.0010166242565190378    0.005608                 48.990897896713875
0.0015795225511234584     0.0010208713367578527    0.005608                 34.830082357254035
0.0016272577287881394     0.0010807194358049812    0.005608                 52.85811668067282
0.0015679139551420702     0.0010849665160437962    0.005608                 46.3649994897244
0.0016156491328067513     0.0011448146150909244    0.005608                 56.63437498937273
0.001556305359160682      0.0011490616953297394    0.005608                 57.79269589040557
0.001604040536825363      0.0012089097943768677    0.005608                 60.319672822807036
0.0015446967631792938     0.0012131568746156828    0.005608                 69.11317155930311
0.0015924319408439748     0.0012730049736628113    0.005608                 63.914010180979346
0.0015330881671979054     0.0012772520539016262    0.005608                 80.32642649641083
0.0015808233448625867     0.0013371001529487545    0.005608                 67.41738706389208
0.0015433959694401657     8.96928058424781E-4      0.005608                 117.65359579873012
0.001531787373458777      9.610232377107242E-4     0.005608                 20.005982631484777
0.001520178777477389      0.0010251184169966677    0.005608                 31.55174080982708
0.0015085701814960008     0.0010892135962826109    0.005608                 42.99027825638048
0.0014969615855146127     0.0011533087755685543    0.005608                 54.32159497114853
0.0014853529895332246     0.0012174039548544975    0.005608                 65.5456909541266
0.0014840521957940962     9.01175138663596E-4      0.005608                 109.60817698312744
0.0014724435998127081     9.652703179495392E-4     0.005608                 16.768861216622362
0.0014608350038313198     0.0010293654972354826    0.005608                 28.218239709047978
0.0014492264078499316     0.0010934606765214258    0.005608                 39.56039746968575
0.0014376178118685433     0.0011575558558073692    0.005608                 50.7953344985348
0.0014247084221480268     9.054222189024108E-4     0.005608                 101.56287901378244
0.0014130998261666387     9.695173981883541E-4     0.005608                 13.476580248406137
0.0014014912301852506     0.0010336125774742973    0.005608                 24.82957905491523
0.0013898826342038622     0.0010977077567602407    0.005608                 36.075357129637865
0.0013653646485019574     9.096692991412256E-4     0.005608                 93.51770189069484
0.0013537560525205693     9.73764478427169E-4      0.005608                 10.129139726837707
0.0013421474565391812     0.0010378596577131122    0.005608                 21.385758847430793
0.0013060208748558882     9.139163793800406E-4     0.005608                 85.47264561386584
0.0012944122788745        9.78011558665984E-4      0.005608                 6.726539651915871
0.001246677101209819      9.181634596188554E-4     0.005608                 77.42771018329604
0.0019012362366078108     0.0012086840128934578    0.005608                 -16.752729375934095
0.001855462966358493      0.0012270291757585001    0.005608                 -25.011965590777876
0.0018096896961091753     0.0012453743386235424    0.005608                 -14.186837727039773
0.0017639164258598575     0.001263719501488585     0.005608                 -3.3778144359154965
0.0017181431556105397     0.0012820646643536273    0.005608                 7.415104282591585
0.0016723698853612222     0.0013004098272186696    0.005608                 18.191918428477777
0.0016265966151119042     0.0013187549900837122    0.005608                 28.952628001744927
0.0018670715623398814     0.001162933996472557     0.005608                 -10.0101897207349
0.0018212982920905634     0.001181279159337599     0.005608                 -12.487754307832773
0.0017755250218412458     0.0011996243222026416    0.005608                 -1.1794156754680785
0.001729751751591928      0.001217969485067684     0.005608                 10.112818384279365
0.0016839784813426103     0.0012363146479327262    0.005608                 21.388947871409187
0.0016382052110932926     0.0012546598107977688    0.005608                 32.64897278591809
0.0018329068880719515     0.0011171839800516558    0.005608                 -2.722488771474474
0.001787133617822634      0.0011355291429166981    0.005608                 0.9442828662434124
0.0017413603475733164     0.0011538743057817407    0.005608                 12.735832267232183
0.0016955870773239985     0.001172219468646783     0.005608                 24.511277095600576
0.001649813807074681      0.0011905646315118253    0.005608                 36.270617351358965
0.001798742213804022      0.001071433963630755     0.005608                 5.1103734718477085
0.0017529689435547046     0.0010897791264957973    0.005608                 15.284145931445266
0.0017071956733053866     0.0011081242893608398    0.005608                 27.55890610105928
0.001661422403056069      0.0011264694522258821    0.005608                 39.8175616980526
0.0017645775395360927     0.001025683947209854     0.005608                 13.48839700923142
0.001718804269286775      0.0010440291100748964    0.005608                 30.531834887776142
0.0016730309990374572     0.001062374272939939     0.005608                 43.28980582601537
0.0017304128652681633     9.79933930788953E-4      0.005608                 22.411581840677798
0.0016846395950188453     9.982790936539955E-4     0.005608                 46.68734973523857
0.0016962481910002337     9.341839143680521E-4     0.005608                 31.879927966184837
0.0019264676106551294     0.0011725066720823353    0.005608                 9.902340121287821
0.0018923029363871998     0.0011267566556614345    0.005608                 11.334914589638885
0.0018581382621192701     0.0010810066392405334    0.005608                 12.949985754985413
0.0018239735878513407     0.0010352566228196325    0.005608                 14.747553617326105
0.0017898089135834113     9.895066063987316E-4     0.005608                 16.727618176662418
0.0017556442393154817     9.437565899778305E-4     0.005608                 18.890179432992795
0.0019516989847024476     0.0011363293312712127    0.005608                 17.353890591719193
0.0019175343104345182     0.0010905793148503118    0.005608                 18.774960732345164
0.0018833696361665888     0.0010448292984294107    0.005608                 20.378527569966423
0.0018492049618986594     9.990792820085098E-4     0.005608                 22.16459110458314
0.0018150402876307295     9.53329265587609E-4      0.005608                 24.13315133619426
0.001976930358749766      0.0011001519904600902    0.005608                 24.702390686558488
0.0019427656844818368     0.001054401974039189     0.005608                 26.11195649946262
0.0019086010102139072     0.0010086519576182882    0.005608                 27.70401900935883
0.0018744363359459778     9.629019411973873E-4     0.005608                 29.47857821625115
0.002002161732797085      0.0010639746496489677    0.005608                 31.94784040581368
0.0019679970585291555     0.0010182246332280666    0.005608                 33.34590189099174
0.0019338323842612258     9.724746168071658E-4     0.005608                 34.92646007316421
0.0020273931068444033     0.001027797308837845     0.005608                 39.09023974947968
0.001993228432576474      9.820472924169442E-4     0.005608                 40.47679690693303
0.0020526244808917217     9.916199680267226E-4     0.005608                 46.12958871755666
0.0010625000000000003     5.0E-4                   0.005607999999999999     6.274362423834564E-13
0.0010859166659454688     5.528013174822088E-4     0.005608                 0.5974918905162028
0.0011250000000000001     5.0E-4                   0.005608                 6.70647519089835E-13
0.0011484166659454687     5.528013174822087E-4     0.005608                 0.7134324411879192
0.0011875000000000002     5.0E-4                   0.005607999999999999     7.092758749442495E-13
0.0012109166659454687     5.528013174822087E-4     0.005608                 0.8293729918601187
0.00125                   5.0E-4                   0.005608                 7.433213099467006E-13
0.0012734166659454688     5.528013174822087E-4     0.005608                 0.9453135425314674
0.0013124999999999999     5.0E-4                   0.005608                 7.727838240971876E-13
0.0013359166659454686     5.528013174822087E-4     0.005608                 1.0612540932034964
0.001375                  4.999999999999999E-4     0.005607999999999999     7.976634173957112E-13
0.0013984166659454687     5.528013174822087E-4     0.005608                 1.1771946438751844
0.0014375                 4.999999999999999E-4     0.005608                 8.179600898422707E-13
0.0014609166659454685     5.528013174822087E-4     0.005608                 66.42780085885605
0.0014999999999999998     4.999999999999999E-4     0.005608                 43.66236184779939
0.0011093333318909376     6.056026349644176E-4     0.005608                 0.8745256348666857
0.0011718333318909376     6.056026349644176E-4     0.005608                 1.106406736209891
0.0012343333318909375     6.056026349644175E-4     0.005608                 1.3382878375531568
0.0012968333318909373     6.056026349644175E-4     0.005608                 1.5701689388974422
0.0013593333318909374     6.056026349644175E-4     0.005608                 1.802050040240136
0.0014218333318909374     6.056026349644174E-4     0.005608                 67.34471963956483
0.0011327499978364061     6.584039524466265E-4     0.005607999999999999     0.831101233051136
0.0011952499978364062     6.584039524466263E-4     0.005608                 1.1789228850667683
0.0012577499978364062     6.584039524466263E-4     0.005607999999999999     1.5267445370809298
0.001320249997836406      6.584039524466263E-4     0.005608                 1.8745661890978127
0.001382749997836406      6.584039524466263E-4     0.005608                 68.2442991138206
0.0011561666637818749     7.112052699288352E-4     0.005608                 0.4672186850704918
0.0012186666637818747     7.112052699288352E-4     0.005608                 0.9309808877584942
0.0012811666637818748     7.11205269928835E-4      0.005608                 1.3947430904443436
0.0013436666637818748     7.11205269928835E-4      0.005608                 69.12653928162536
0.0011795833297273436     7.640065874110439E-4     0.005608                 -0.21712200907461465
0.0012420833297273435     7.640065874110439E-4     0.005608                 0.3625807442851823
0.0013045833297273433     7.640065874110439E-4     0.005608                 69.99144014298247
0.0012029999956728122     8.168079048932528E-4     0.005608                 -1.2219208493867058
0.0012654999956728122     8.168079048932528E-4     0.005608                 70.83900169788993
0.001226416661618281      8.696092223754615E-4     0.005608                 71.6692239463452
0.0015624999999999999     4.999999999999999E-4     0.005608                 -4.281157538735725E-14
0.001520260439591538      5.485542372433938E-4     0.005608                 72.22719621620061
0.001582760439591538      5.485542372433938E-4     0.005608                 -0.924478031698861
0.001625                  4.999999999999999E-4     0.005608                 -4.1841287913838103E-14
0.001645260439591538      5.485542372433939E-4     0.005608                 -0.4100253965780709
0.0016874999999999998     5.0E-4                   0.005608                 -4.062862956237962E-14
0.001707760439591538      5.485542372433939E-4     0.005608                 0.1044272385427174
0.0017499999999999998     5.0E-4                   0.005608                 -3.917360033298183E-14
0.0017702604395915381     5.485542372433939E-4     0.005608                 0.6188798736637331
0.0018124999999999999     5.0E-4                   0.005608                 -3.7476200225644736E-14
0.001832760439591538      5.485542372433939E-4     0.005608                 1.1333325087842372
0.001875                  5.0E-4                   0.005608                 -3.5536429240368333E-14
0.001895260439591538      5.485542372433939E-4     0.005608                 1.647785143905283
0.0019375                 5.0E-4                   0.005608                 -3.3354287377152615E-14
0.001540520879183076      5.971084744867877E-4     0.005608                 79.14923951466989
0.0016030208791830759     5.971084744867878E-4     0.005608                 -1.5715905493271833
0.001665520879183076      5.971084744867878E-4     0.005608                 -0.5426852790853793
0.001728020879183076      5.971084744867878E-4     0.005608                 0.48621999115665204
0.001790520879183076      5.971084744867878E-4     0.005608                 1.5151252613972055
0.001853020879183076      5.971084744867878E-4     0.005608                 2.54403053163907
0.001560781318774614      6.456627117301817E-4     0.005608                 86.25967266710812
0.0016232813187746142     6.456627117301817E-4     0.005608                 -1.9413375528854289
0.0016857813187746143     6.456627117301817E-4     0.005608                 -0.397979647521467
0.0017482813187746139     6.456627117301817E-4     0.005608                 1.145378257840214
0.001810781318774614      6.456627117301817E-4     0.005608                 2.6887361632014475
0.001581041758366152      6.942169489735756E-4     0.005608                 93.55849567351349
0.001643541758366152      6.942169489735756E-4     0.005608                 -2.0337190423717715
0.0017060417583661521     6.942169489735756E-4     0.005608                 0.024091498111154408
0.0017685417583661522     6.942169489735756E-4     0.005608                 2.0819020385944285
0.00160130219795769       7.427711862169695E-4     0.005608                 101.04570853388894
0.00166380219795769       7.427711862169695E-4     0.005608                 -1.8487350177875754
0.00172630219795769       7.427711862169695E-4     0.005608                 0.7235281578159132
0.001621562637549228      7.913254234603634E-4     0.005608                 108.7213112482338
0.001684062637549228      7.913254234603634E-4     0.005608                 -1.3863854791362513
0.0016418230771407662     8.398796607037572E-4     0.005608                 116.58530381654683
0.0015824793034946967     8.441267409425721E-4     0.005608                 224.17612551391107
0.0015231355298486275     8.48373821181387E-4      0.005608                 210.98920576834516
0.0014637917562025581     8.526209014202019E-4     0.005608                 197.85768726864762
0.0014044479825564887     8.568679816590169E-4     0.005608                 184.78157001482253
0.0013451042089104195     8.611150618978317E-4     0.005608                 171.76085400686333
0.0012857604352643501     8.653621421366467E-4     0.005608                 158.79553924477318
0.0015622188639031586     7.955725036991783E-4     0.005608                 208.49198019745538
0.0015028750902570894     7.998195839379931E-4     0.005608                 195.12363785445217
0.00144353131661102       8.04066664176808E-4      0.005608                 181.81069675731987
0.0013841875429649508     8.08313744415623E-4      0.005608                 168.55315690605414
0.0013248437693188814     8.125608246544379E-4     0.005608                 155.35101830065912
0.001541958424311621      7.470182664557843E-4     0.005608                 192.9072490748639
0.0014826146506655515     7.512653466945992E-4     0.005608                 179.3574841344241
0.0014232708770194821     7.555124269334141E-4     0.005608                 165.86312043985424
0.0013639271033734127     7.59759507172229E-4      0.005608                 152.42415799115486
0.0015216979847200826     6.984640292123905E-4     0.005608                 177.42193214613877
0.0014623542110740132     7.027111094512053E-4     0.005608                 163.69074460826414
0.001403010437427944      7.069581896900202E-4     0.005608                 150.0149583162564
0.0015014375451285447     6.499097919689965E-4     0.005608                 162.03602941128008
0.0014420937714824753     6.541568722078114E-4     0.005608                 148.12341927596998
0.0014811771055370066     6.013555547256026E-4     0.005608                 146.74954087029064
7.73399218687599E-4       7.596707952984669E-4     0.005608                 -6.441339943081861
7.343421874465134E-4      7.809083007320192E-4     0.005608                 3.444495549762486
6.952851562054278E-4      8.021458061655718E-4     0.005608                 0.9968267857467339
6.562281249643423E-4      8.233833115991239E-4     0.005608                 -0.7014075093136256
6.171710937232567E-4      8.446208170326762E-4     0.005608                 -1.6502073354184112
5.781140624821711E-4      8.658583224662288E-4     0.005608                 -1.8495726925678682
5.390570312410855E-4      8.870958278997809E-4     0.005608                 -1.2995035807616553
4.999999999999999E-4      9.083333333333333E-4     0.005607999999999999     -1.2218191395437646E-15
7.343421874465134E-4      7.225749673986859E-4     0.005608                 -3.568610468598539
6.952851562054278E-4      7.438124728322384E-4     0.005608                 4.686295736173378
6.562281249643423E-4      7.650499782657906E-4     0.005608                 2.2501676510277377
6.171710937232566E-4      7.862874836993429E-4     0.005608                 0.5634740348375615
5.781140624821711E-4      8.075249891328953E-4     0.005608                 -0.37378511239712964
5.390570312410856E-4      8.287624945664477E-4     0.005608                 -0.5616097906763358
4.999999999999999E-4      8.5E-4                   0.005608                 -7.235965935831135E-16
6.952851562054278E-4      6.85479139498905E-4      0.005608                 -1.3467270121298398
6.562281249643423E-4      7.067166449324573E-4     0.005608                 5.201742811369186
6.171710937232567E-4      7.279541503660096E-4     0.005607999999999999     2.7771554050935663
5.781140624821711E-4      7.49191655799562E-4      0.005608                 1.1020024677735378
5.390570312410856E-4      7.704291612331143E-4     0.005607999999999999     0.1762839994090264
5.0E-4                    7.916666666666666E-4     0.005607999999999999     -1.9363957966385829E-16
6.562281249643423E-4      6.48383311599124E-4      0.005608                 0.22431042632507037
6.171710937232567E-4      6.696208170326763E-4     0.005608                 4.990836775349649
5.781140624821711E-4      6.908583224662287E-4     0.005608                 2.5777900479442053
5.390570312410856E-4      7.12095827899781E-4      0.005608                 0.9141777894943885
5.0E-4                    7.333333333333333E-4     0.005608                 3.680519022143923E-16
6.171710937232567E-4      6.11287483699343E-4      0.005608                 1.1445018467652162
5.781140624821711E-4      6.325249891328954E-4     0.005608                 4.05357762811505
5.390570312410856E-4      6.537624945664477E-4     0.005608                 1.6520715795796974
5.0E-4                    6.75E-4                  0.005608                 9.614778520513985E-16
5.781140624821711E-4      5.741916557995619E-4     0.005608                 1.4138472491912308
5.390570312410856E-4      5.954291612331143E-4     0.005608                 2.3899653696651413
5.0E-4                    6.166666666666666E-4     0.005607999999999999     1.5866382698471475E-15
5.390570312410856E-4      5.37095827899781E-4      0.005608                 1.032346633602681
5.0E-4                    5.583333333333333E-4     0.005608                 2.243533155601955E-15
5.0E-4                    5.0E-4                   0.005608                 1.4660812546576392E-15
7.968421874465134E-4      7.22574967398686E-4      0.005608                 -18.779084134676037
7.577851562054279E-4      6.85479139498905E-4      0.005608                 -14.210889466862653
7.187281249643422E-4      6.483833115991241E-4     0.005608                 -10.21803372386281
6.796710937232567E-4      6.11287483699343E-4      0.005608                 -6.800516905677194
6.406140624821711E-4      5.741916557995619E-4     0.005608                 -3.9583390123044353
6.015570312410856E-4      5.370958278997811E-4     0.005608                 -1.6915000437454468
5.625000000000001E-4      5.0E-4                   0.005608                 0
8.20285156205428E-4       6.854791394989051E-4     0.005608                 -17.352560222866302
7.812281249643424E-4      6.48383311599124E-4      0.005607999999999999     -12.731370328665866
7.421710937232568E-4      6.11287483699343E-4      0.005607999999999999     -8.685519359279201
7.031140624821713E-4      5.741916557995619E-4     0.005607999999999999     -5.215007314705963
6.640570312410857E-4      5.37095827899781E-4      0.005608                 -2.3198341949462105
6.250000000000001E-4      5.0E-4                   0.005607999999999999     0
8.437281249643424E-4      6.48383311599124E-4      0.005608                 -15.24470693346898
8.046710937232569E-4      6.11287483699343E-4      0.005608                 -10.570521812881207
7.656140624821713E-4      5.741916557995619E-4     0.005608                 -6.471675617107661
7.265570312410857E-4      5.370958278997811E-4     0.005608                 -2.948168346147031
6.875000000000002E-4      5.0E-4                   0.005608                 0
8.671710937232568E-4      6.11287483699343E-4      0.005608                 -12.455524266483783
8.281140624821713E-4      5.741916557995619E-4     0.005608                 -7.7283439195088475
7.890570312410857E-4      5.37095827899781E-4      0.005608                 -3.576502497347596
7.500000000000001E-4      5.0E-4                   0.005608                 0
8.906140624821712E-4      5.741916557995619E-4     0.005607999999999999     -8.985012221910063
8.515570312410856E-4      5.37095827899781E-4      0.005607999999999999     -4.204836648548218
8.125000000000001E-4      5.0E-4                   0.005607999999999999     0
9.140570312410858E-4      5.37095827899781E-4      0.005608                 -4.833170799749053
8.750000000000002E-4      5.0E-4                   0.005608                 0
9.375000000000002E-4      5.0E-4                   0.005607999999999999     0
