% Model:              stripline_filter_simple_decomp_new_mesh.mph
% Version:            COMSOL 6.1.0.252
% Date:               May 4 2023, 12:53
% Dimension:          3
% Nodes:              953
% Expressions:        1
% Description:        Surface
% X                       Y                        Z                        real(emw.Ez)
0.0019354009108757384     0.0012544340293143602    0.010508                 -23.053108664991804
0.001960632284923057      0.0012182566885032373    0.010508                 -83.4963118347483
0.0020059757970162712     0.0012767964423167318    0.010508                 -21.945897629467098
0.0020312071710635897     0.001240619101505609     0.010508                 -37.892317602389625
0.0019858636589703753     0.0011820793476921144    0.010508                 -86.16580443455297
0.0020564385451109076     0.001204441760694486     0.010508000000000002     -40.52454380328084
0.0020110950330176937     0.0011459020068809915    0.010508                 -82.11468340966974
0.0020816699191582265     0.0011682644198833631    0.010508                 -36.0254234189308
0.002036326407065012      0.0011097246660698686    0.010508                 -71.34294876009858
0.002106901293205545      0.0011320870790722402    0.010508                 -24.394956449339603
0.0020615577811123305     0.0010735473252587457    0.010508                 -53.85060048583807
0.002132132667252863      0.0010959097382611173    0.010508000000000002     -5.633142894507657
0.002086789155159649      0.0010373699844476228    0.010508                 -29.63763858688941
0.0021573640413001817     0.0010597323974499947    0.010508                 20.260017245566047
0.0021120205292069674     0.0010011926436365       0.010508                 1.2959369367482907
0.0021825954153475        0.0010235550566388718    0.010508                 58.3498109108011
0.0021372519032542858     9.650153028253771E-4     0.010508                 -13.384849597691053
0.002076550683156804      0.0012991588553191034    0.010508                 24.22152225804294
0.002101782057204122      0.0012629815145079808    0.010508                 19.844386239193106
0.002127013431251441      0.0012268041736968579    0.010508                 25.659580685622345
0.0021522448052987593     0.0011906268328857347    0.010508                 38.6061217172942
0.0021774761793460777     0.001154449492074612     0.010508                 58.68400933420568
0.0022027075533933957     0.0011182721512634892    0.010508                 85.89324353635962
0.0022279389274407146     0.0010820948104523663    0.010508                 132.19756121149126
0.0021471255692973364     0.0013215212683214753    0.010508                 56.87946864907994
0.002172356943344655      0.0012853439275103524    0.010508                 63.91075839066771
0.0021975883173919733     0.0012491665866992295    0.010508                 78.17337348441882
0.0022228196914392917     0.0012129892458881066    0.010508                 99.5673351634106
0.00224805106548661       0.0011768119050769837    0.010508                 128.09264342764396
0.0022732824395339285     0.0011406345642658608    0.010508                 181.12890619849466
0.0022177004554378692     0.0013438836813238469    0.010508                 76.02794154364352
0.0022429318294851877     0.001307706340512724     0.010508                 94.30679885203533
0.002268163203532506      0.001271528999701601     0.010508                 117.0168345931074
0.0022933945775798245     0.0012353516588904782    0.010508                 146.85821691942039
0.002318625951627143      0.0011991743180793553    0.010508                 205.14384587181007
0.002288275341578402      0.0013662460943262185    0.010508                 81.66694094173405
0.0023135067156257205     0.0013300687535150956    0.010508                 111.0325076232951
0.002338738089673039      0.0012938914127039727    0.010508                 142.18996401168843
0.0023639694637203573     0.0012577140718928498    0.010508                 204.24238023143724
0.0023588502277189344     0.00138860850732859      0.010508                 73.7964668433514
0.002384081601766253      0.0013524311665174672    0.010508                 114.08788470444804
0.0024093129758135713     0.0013162538257063443    0.010508                 178.42450927737755
0.0024294251138594677     0.0014109709203309617    0.010508                 52.416519248495305
0.002454656487906786      0.0013747935795198388    0.010508                 127.69023300962951
0.0025                    0.0014333333333333333    0.010508                 -12.016938714396254
0.001901236236607809      0.0012086840128934593    0.010508                 -17.991969292526804
0.0019264676106551274     0.0011725066720823364    0.010508                 -23.662709381305376
0.0018670715623398796     0.0011629339964725584    0.010508                 6.7385293225164276
0.0018923029363871978     0.0011267566556614355    0.010508000000000002     2.8910395257942128
0.0018329068880719498     0.0011171839800516578    0.010508                 23.919647582739202
0.0018581382621192684     0.0010810066392405347    0.010508                 21.96797618588198
0.0017987422138040204     0.001071433963630757     0.010508                 33.55138548814088
0.001823973587851339      0.0010352566228196338    0.010508                 33.5681005989577
0.001764577539536091      0.001025683947209856     0.010508                 35.633743038721235
0.0017898089135834092     9.895066063987331E-4     0.010508000000000002     37.69141276502137
0.0017304128652681616     9.799339307889551E-4     0.010508                 30.166720234481176
0.0017556442393154798     9.437565899778322E-4     0.010508                 34.3379126840739
0.001696248191000232      9.341839143680543E-4     0.010508                 17.150317075419636
0.0017214795650475504     8.980065735569314E-4     0.010508                 16.008941316664277
0.0016620835167323025     8.884338979471534E-4     0.010508                 7.836882455015451
0.0019516989847024459     0.0011363293312712135    0.010508                 -17.350476356499712
0.0019175343104345165     0.0010905793148503126    0.010508                 9.774843926803442
0.0018833696361665866     0.0010448292984294118    0.010508                 29.423351963094092
0.0018492049618986572     9.99079282008511E-4      0.010508                 41.595047752373375
0.0018150402876307278     9.533292655876102E-4     0.010508                 46.28993129464061
0.0017808756133627984     9.075792491667093E-4     0.010508                 19.63668418744419
0.0019769303587497643     0.0011001519904600906    0.010508                 -4.728362667558827
0.0019427656844818349     0.0010544019740391897    0.010508                 22.968528991947778
0.0019086010102139052     0.001008651957618289     0.010508                 43.18860840444222
0.0018744363359459758     9.629019411973882E-4     0.010508                 55.93187556992507
0.0018402716616780462     9.171519247764873E-4     0.010508                 20.016707952697516
0.0020021617327970827     0.0010639746496489677    0.010508                 14.203631685517848
0.001967997058529153      0.001018224633228067     0.010508                 42.47209472122813
0.0019338323842612237     9.724746168071662E-4     0.010508                 63.26374550992659
0.001899667709993294      9.267246003862653E-4     0.010508                 17.149012612421302
0.002027393106844401      0.0010277973088378448    0.010508                 39.44550670273088
0.0019932284325764717     9.820472924169442E-4     0.010508                 68.28554111464427
0.001959063758308542      9.362972759960432E-4     0.010508                 11.033598166619413
0.0020526244808917195     9.916199680267222E-4     0.010508                 70.9972623840788
0.00201845980662379       9.458699516058212E-4     0.010508                 1.6704646152886653
0.002077855854939038      9.554426272155992E-4     0.010508                 -10.9403880415706
0.0024999999999999996     9.666666666666667E-4     0.010507999999999997     188.9158834168998
0.0024999999999999996     0.0010249999999999999    0.010507999999999998     463.2901603370934
0.0024546564879067857     9.664602461865055E-4     0.010507999999999998     165.21392957916106
0.0024546564879067857     0.0010247935795198388    0.010507999999999998     408.2255056552071
0.0024999999999999996     0.0010833333333333333    0.010507999999999997     409.07596010616345
0.0024546564879067857     0.0010831269128531722    0.010507999999999998     366.6404783089564
0.0024999999999999996     0.0011416666666666667    0.010507999999999997     354.407906164971
0.0024546564879067857     0.0011414602461865054    0.010507999999999998     324.60159725244296
0.0024999999999999996     0.0012000000000000001    0.010507999999999998     299.28599851351663
0.0024546564879067857     0.0011997935795198388    0.010507999999999998     282.10886248566794
0.0025                    0.0012583333333333333    0.010508                 243.71023715179933
0.002454656487906786      0.0012581269128531722    0.010508                 239.16227400862945
0.0024999999999999996     0.0013166666666666667    0.010507999999999998     187.68062207981876
0.0024546564879067857     0.0013164602461865054    0.010507999999999998     195.76183182132866
0.0025                    0.001375                 0.010508                 131.1971532975765
0.0024093129758135713     9.662538257063443E-4     0.010507999999999997     141.26533661575627
0.0024093129758135713     0.0010245871590396777    0.010507999999999997     352.4740662250736
0.0024093129758135713     0.0010829204923730109    0.010508                 323.51821176350296
0.0024093129758135713     0.0011412538257063443    0.010508                 294.10850359166903
0.0024093129758135713     0.0011995871590396777    0.010508                 264.24494170957246
0.0024093129758135713     0.001257920492373011     0.010508                 233.92752611721363
0.002363969463720357      9.660474052261832E-4     0.010507999999999997     117.07010452668419
0.002363969463720357      0.0010243807385595164    0.010507999999999998     296.0358420466955
0.002363969463720357      0.0010827140718928498    0.010507999999999998     279.7091604698037
0.002363969463720357      0.0011410474052261832    0.010507999999999998     262.9286251826486
0.0023639694637203573     0.0011993807385595164    0.010508                 245.69423618523183
0.002318625951627143      9.658409847460218E-4     0.010507999999999998     92.62823331194681
0.002318625951627143      0.0010241743180793553    0.010507999999999998     238.91083312007072
0.002318625951627143      0.0010825076514126887    0.010508                 235.21332442785823
0.002318625951627143      0.0011408409847460219    0.010508                 231.06196202538285
0.0022732824395339285     9.656345642658606E-4     0.010508                 67.93972297154244
0.0022732824395339285     0.001023967897599194     0.010508                 181.09903944520008
0.0022732824395339285     0.0010823012309325274    0.010508                 190.03070363766682
0.002227938927440714      9.654281437856994E-4     0.010507999999999998     43.00457350547259
0.002227938927440714      0.0010237614771190329    0.010507999999999998     122.60046102208366
0.0021825954153475        9.652217233055383E-4     0.010508                 17.82278491373566
0.0019434757970162712     0.001335129775650065     0.010508                 48.25716539185706
0.002014050683156804      0.0013574921886524366    0.010508                 4.19726992859006
0.0020846255692973364     0.0013798546016548082    0.010508000000000002     23.033747068292726
0.002155200455437869      0.0014022170146571799    0.010508                 28.521608905156306
0.002225775341578402      0.0014245794276595515    0.010508                 20.66085543918058
0.002296350227718935      0.0014469418406619235    0.010508000000000002     -0.5485133296336073
0.0023669251138594676     0.0014693042536642951    0.010508                 -35.106497401286845
0.0024375000000000004     0.0014916666666666667    0.010508                 -154.6161195548013
0.001951550683156804      0.00141582552198577      0.010508                 54.25344366899458
0.0020221255692973363     0.0014381879349881417    0.010508                 19.2471245694054
0.002092700455437869      0.0014605503479905135    0.010508                 13.874522268051692
0.002163275341578402      0.001482912760992885     0.010508                 -4.846695336141124
0.0022338502277189348     0.0015052751739952567    0.010508                 -36.91652824317339
0.0023044251138594676     0.0015276375869976283    0.010508                 -82.33497645304374
0.002375                  0.00155                  0.010508                 -200.50805799086154
0.0019596255692973363     0.001496521268321475     0.010508                 56.17209128164251
0.002030200455437869      0.0015188836813238467    0.010508                 29.386513479769064
0.002100775341578402      0.0015412460943262183    0.010508                 -0.19516826264180054
0.0021713502277189347     0.00156360850732859      0.010508                 -43.12546530789132
0.0022419251138594675     0.0015859709203309615    0.010508                 -99.40437765597903
0.0023125000000000003     0.0016083333333333331    0.010508                 -213.74924416516794
0.001967700455437869      0.00157721701465718      0.010508                 54.01310822979724
0.002038275341578402      0.0015995794276595517    0.010508                 34.615436659678835
0.0021088502277189346     0.0016219418406619233    0.010508                 -19.175324523787594
0.0021794251138594675     0.001644304253664295     0.010508                 -86.31470101009313
0.0022500000000000003     0.0016666666666666666    0.010508                 -194.3396780777207
0.0019757753415784018     0.0016579127609928847    0.010508                 47.77649451345957
0.0020463502277189346     0.0016802751739952565    0.010508                 34.933894109136645
0.0021169251138594674     0.0017026375869976281    0.010508                 -43.06594651538603
0.0021875                 0.0017249999999999998    0.010508                 -142.27935972851898
0.0019838502277189345     0.00173860850732859      0.010508                 37.462250132631425
0.0020544251138594673     0.0017609709203309616    0.010508                 30.34188582814295
0.002125                  0.0017833333333333332    0.010508                 -57.5682891175625
0.0019919251138594673     0.001819304253664295     0.010508                 23.070375087310282
0.0020625                 0.0018416666666666666    0.010508                 59.793533755148744
0.002                     0.0018999999999999998    0.010508                 52.27694778778687
0.0025                    0.0019                   0.010508                 -657.7213863174411
0.0024375000000000004     0.0018999999999999998    0.010508                 -545.6939279751191
0.0025                    0.0018416666666666666    0.010508                 -598.2232165912127
0.0024375                 0.0018416666666666666    0.010508                 -502.66405644035785
0.002375                  0.0019                   0.010508                 -432.33043385999554
0.002375                  0.0018416666666666666    0.010508000000000002     -405.7688605167009
0.0023125000000000003     0.0018999999999999998    0.010508                 -317.6309039720718
0.0023125                 0.0018416666666666666    0.010508                 -307.53762882024375
0.0022500000000000003     0.0018999999999999998    0.010508                 -201.59533831134377
0.00225                   0.0018416666666666666    0.010508                 -207.97036135098642
0.0021875                 0.0018999999999999998    0.010508                 -84.22373687781783
0.0021874999999999998     0.0018416666666666664    0.010508000000000002     -107.06705810892345
0.002125                  0.0018999999999999998    0.010508                 34.48390032851148
0.002125                  0.0018416666666666666    0.010508                 -4.827719094064605
0.0020625                 0.0019                   0.010508                 154.5275733076419
0.0025                    0.0017833333333333334    0.010508                 -537.8552523460335
0.0024375                 0.0017833333333333334    0.010508                 -458.7643903866458
0.002375                  0.0017833333333333334    0.010508                 -378.3374926544566
0.0023125                 0.0017833333333333334    0.010508                 -296.5745591494674
0.0022500000000000003     0.0017833333333333332    0.010508                 -213.4755898716753
0.0021875                 0.0017833333333333332    0.010508                 -129.04058482108258
0.0025                    0.001725                 0.010508                 -476.617493581904
0.0024375                 0.001725                 0.010508                 -413.99492981398305
0.002375                  0.001725                 0.010508                 -350.0363302732612
0.0023125                 0.001725                 0.010508                 -284.74169495973933
0.0022500000000000003     0.001725                 0.010508                 -218.11102387341498
0.0025                    0.0016666666666666666    0.010508                 -414.50994029882236
0.0024375                 0.0016666666666666666    0.010508                 -368.3556747223695
0.0023750000000000004     0.0016666666666666666    0.010508                 -320.8653733731155
0.0023125000000000003     0.0016666666666666666    0.010508                 -272.0390362510593
0.0025                    0.0016083333333333334    0.010508                 -351.53259249679104
0.0024375                 0.0016083333333333334    0.010508                 -321.8466251118048
0.0023750000000000004     0.0016083333333333331    0.010508                 -290.8246219540183
0.0025                    0.00155                  0.010508                 -287.685450175808
0.0024375                 0.00155                  0.010508                 -274.4677809822897
0.0025                    0.0014916666666666667    0.010508                 -222.96851333587335
0.0021200954153475        9.06888389972205E-4      0.010508                 -36.79289785073189
0.0020606993670322523     8.97315714362427E-4      0.010508                 -86.23060553231977
0.0020013033187170045     8.877430387526491E-4     0.010508000000000002     -63.00894198442484
0.0019419072704017564     8.781703631428712E-4     0.010508                 -43.972642312302696
0.0018825112220865086     8.685976875330932E-4     0.010508                 -29.121706515953974
0.0018231151737712603     8.590250119233152E-4     0.010508000000000002     -18.456134595376625
0.0017637191254560125     8.494523363135372E-4     0.010508                 -11.975926550571899
0.0017043230771407647     8.398796607037593E-4     0.010508                 -3.3447571698152103
0.0021029389274407144     8.487614771190328E-4     0.010508                 -9.443834364417512
0.0020435428791254666     8.391888015092548E-4     0.010508000000000002     -48.55211407621084
0.0019841468308102184     8.29616125899477E-4      0.010508                 -35.780522851505566
0.0019247507824949705     8.20043450289699E-4      0.010508                 -27.194295502574164
0.0018653547341797227     8.10470774679921E-4      0.010508                 -22.793432029413907
0.0018059586858644747     8.00898099070143E-4      0.010508000000000002     -22.577932432027012
0.0017465626375492269     7.91325423460365E-4      0.010508                 -23.795736860027546
0.002085782439533929      7.906345642658607E-4     0.010508                 10.548158384464159
0.0020263863912186805     7.810618886560829E-4     0.010508                 -17.704200444378785
0.001966990342903433      7.714892130463049E-4     0.010508                 -15.382681542863907
0.0019075942945881849     7.619165374365269E-4     0.010508                 -17.246526517121687
0.001848198246272937      7.523438618267489E-4     0.010508                 -23.295735367151536
0.001788802197957689      7.427711862169709E-4     0.010508                 -34.182908754968594
0.0020686259516271427     7.325076514126886E-4     0.010508                 23.183080395912157
0.0020092299033118953     7.229349758029106E-4     0.010508                 6.313135363176116
0.001949833854996647      7.133623001931327E-4     0.010508                 -1.8154180584990627
0.0018904378066813992     7.037896245833547E-4     0.010508                 -14.129335355946637
0.0018310417583661514     6.942169489735767E-4     0.010508                 -34.506272854638496
0.0020514694637203575     6.743807385595165E-4     0.010508                 28.460931669928414
0.001992073415405109      6.648080629497385E-4     0.010508                 23.499893346453746
0.0019326773670898614     6.552353873399606E-4     0.010508                 4.921267601589079
0.0018732813187746136     6.456627117301826E-4     0.010508                 -24.765829159036002
0.0020343129758135714     6.162538257063444E-4     0.010508                 26.381712206509633
0.0019749169274983235     6.066811500965664E-4     0.010508                 33.85607350545524
0.0019155208791830757     5.971084744867885E-4     0.010508                 -4.96157766816259
0.0020171564879067857     5.581269128531722E-4     0.010508000000000002     16.945422005660305
0.001957760439591538      5.485542372433943E-4     0.010508000000000002     24.906481617982564
0.002                     5.000000000000001E-4     0.010508000000000002     16.720213448087822
0.0015                    0.0018999999999999996    0.010507999999999998     -64.35809223818069
0.0015086518436101498     0.001837649416529337     0.010507999999999998     -82.62860404085791
0.0015625                 0.0018999999999999998    0.010507999999999998     -159.92465894753514
0.0015711518436101499     0.0018376494165293369    0.010508                 -140.5268813585053
0.0015173036872202996     0.0017752988330586744    0.010508                 -67.91644619050612
0.0015798036872202994     0.0017752988330586744    0.010507999999999998     -121.30991988881897
0.0015259555308304489     0.001712948249588012     0.010507999999999998     -53.149492892219314
0.0015884555308304492     0.0017129482495880119    0.010507999999999998     -102.27377453846987
0.0015346073744405987     0.0016505976661173494    0.010508                 -38.3277441459968
0.001597107374440599      0.0016505976661173494    0.010508                 -83.41844530746062
0.0015432592180507484     0.001588247082646687     0.010508                 -23.451199951839044
0.0016057592180507483     0.001588247082646687     0.010508                 -64.7439321957911
0.0015519110616608982     0.0015258964991760246    0.010507999999999998     -8.519860309746036
0.001614411061660898      0.0015258964991760244    0.010508                 -46.25023520346116
0.0015605629052710477     0.001463545915705362     0.010508                 6.466274780283584
0.0016230629052710478     0.001463545915705362     0.010508                 -15.820456922475138
0.0015692147488811975     0.0014011953322346994    0.010508                 -58.4808673863746
0.0016250000000000001     0.0018999999999999996    0.010508                 -137.19609787958325
0.0016336518436101497     0.001837649416529337     0.010508                 -112.95598996236095
0.0016423036872202995     0.0017752988330586746    0.010508                 -88.89669816447986
0.001650955530830449      0.001712948249588012     0.010508                 -65.0182224859368
0.0016596073744405988     0.0016505976661173496    0.010508                 -41.320562926733146
0.0016682592180507483     0.001588247082646687     0.010508                 -17.803719486869568
0.001676911061660898      0.0015258964991760246    0.010508                 11.400753461369163
0.0016875                 0.0018999999999999998    0.010507999999999998     -118.04737005884999
0.0016961518436101497     0.0018376494165293373    0.010507999999999998     -88.96493181343249
0.0017048036872202995     0.0017752988330586748    0.010508                 -60.063309687355286
0.001713455530830449      0.0017129482495880123    0.010507999999999998     -31.342503680618847
0.0017221073744405988     0.0016505976661173496    0.010508                 -2.802513793221806
0.0017307592180507484     0.001588247082646687     0.010508                 25.2895719843346
0.00175                   0.0018999999999999998    0.010508                 -102.47847548532991
0.0017586518436101498     0.001837649416529337     0.010508                 -68.55370691171993
0.0017673036872202993     0.0017752988330586746    0.010508                 -34.809754457449344
0.0017759555308304491     0.0017129482495880123    0.010508                 -1.2466181225190667
0.0017846073744405989     0.0016505976661173496    0.010508                 25.845998646419645
0.0018125                 0.0018999999999999996    0.010508                 -90.48941415902846
0.0018211518436101496     0.001837649416529337     0.010508                 -51.72231525722327
0.0018298036872202994     0.0017752988330586746    0.010508                 -13.136032474759304
0.0018384555308304492     0.001712948249588012     0.010508                 13.070033447625121
0.001875                  0.0018999999999999998    0.010507999999999998     -82.080186079942
0.0018836518436101497     0.0018376494165293373    0.010508                 -38.47075684994161
0.0018923036872202995     0.0017752988330586748    0.010508                 -13.038323612049794
0.0019375                 0.0018999999999999998    0.010508                 -77.25079124807144
0.0019461518436101497     0.0018376494165293373    0.010508                 -52.47907253260494
0.001889627640626421      0.0012727791921794025    0.010508                 23.51225229877329
0.0018977025267669537     0.0013534749385151076    0.010508                 91.47803797105507
0.0019057774129074862     0.0014341706848508126    0.010508000000000002     71.65050174298926
0.001913852299048019      0.0015148664311865174    0.010508                 48.578169916387424
0.0019219271851885517     0.0015955621775222222    0.010508                 22.26104249125524
0.0019300020713290845     0.0016762579238579272    0.010508000000000002     -7.300880532407973
0.001938076957469617      0.0017569536701936323    0.010508                 -40.10759915460142
0.0018438543703771034     0.001291124355044445     0.010508                 -1.513480862421602
0.001851929256517636      0.00137182010138015      0.010508                 63.35692714321482
0.0018600041426581687     0.0014525158477158547    0.010508                 50.96823221467082
0.0018680790287987014     0.0015332115940515597    0.010508                 35.3347416875971
0.001876153914939234      0.0016139073403872647    0.010508                 16.456455561990992
0.0018842288010797667     0.0016946030867229698    0.010508                 -5.666626162146997
0.0017980811001277854     0.0013094695179094876    0.010508                 -22.525154372669647
0.0018061559862683181     0.0013901652642451924    0.010508                 40.138820814139244
0.001814230872408851      0.0014708610105808972    0.010508                 35.18896718512377
0.0018223057585493837     0.0015515567569166023    0.010508                 26.994317957573628
0.0018303806446899164     0.0016322525032523073    0.010508                 15.554873131494617
0.0017523078298784679     0.0013278146807745297    0.010508                 -39.52276823197212
0.0017603827160190006     0.0014085104271102347    0.010508                 21.82371898383323
0.0017684576021595334     0.0014892061734459398    0.010508                 24.312706654342364
0.0017765324883000661     0.0015699019197816448    0.010508                 23.556898726319915
0.0017065345596291503     0.0013461598436395722    0.010508                 -52.50632244032994
0.001714609445769683      0.001426855589975277     0.010508                 8.411621652294855
0.0017226843319102156     0.001507551336310982     0.010508                 18.339450622329096
0.0016607612893798328     0.0013645050065046148    0.010508                 -61.47581699774287
0.0016688361755203653     0.0014452007528403198    0.010508                 -0.09747118047755521
0.001614988019130515      0.0013828501693696571    0.010508                 -66.43125190420906
0.0018554629663584915     0.0012270291757585016    0.010508                 -33.335370309289885
0.0018096896961091737     0.0012453743386235442    0.010508000000000002     -51.22674897237596
0.0017639164258598562     0.0012637195014885865    0.010508                 -65.99301283234104
0.0017181431556105387     0.001282064664353629     0.010508                 -77.63416188918086
0.0016723698853612207     0.0013004098272186714    0.010508000000000002     -86.15019614289622
0.0016265966151119032     0.001318754990083714     0.010508                 -91.5411155934903
0.0015808233448625856     0.0013371001529487562    0.010508                 -108.90338095382437
0.0018212982920905619     0.001181279159337601     0.010508                 -13.256415078163968
0.0017755250218412443     0.0011996243222026433    0.010508                 -34.54765820931698
0.0017297517515919266     0.0012179694850676858    0.010508                 -52.71378653734678
0.001683978481342609      0.0012363146479327282    0.010508                 -67.75480006225189
0.0016382052110932913     0.0012546598107977705    0.010508                 -79.67069878403345
0.0015924319408439737     0.001273004973662813     0.010508                 -98.44447510852683
0.0017871336178226322     0.0011355291429167       0.010508                 -0.7994083096689337
0.0017413603475733147     0.0011538743057817424    0.010508                 -25.490515908888483
0.0016955870773239972     0.001172219468646785     0.010508                 -47.056508704983116
0.0016498138070746796     0.0011905646315118273    0.010508                 -65.49738669795443
0.0016040405368253617     0.0012089097943768696    0.010508                 -86.49017256905765
0.0017529689435547028     0.0010897791264957992    0.010508                 4.035649996196298
0.0017071956733053853     0.0011081242893608415    0.010508                 -24.055322071088085
0.0016614224030560678     0.001126469452225884     0.010508                 -49.021179335250054
0.00161564913280675       0.0011448146150909264    0.010508                 -73.04047333541817
0.0017188042692867734     0.0010440291100748983    0.010508                 1.2487598394313864
0.0016730309990374557     0.0010623742729399407    0.010508                 -30.242076695919422
0.001627257728788138      0.0010807194358049832    0.010508                 -58.09537740760899
0.0016846395950188438     9.982790936539975E-4     0.010508                 -9.160078779963442
0.0016388663247695263     0.0010166242565190398    0.010508                 -41.65488478562679
0.0016504749207509144     9.525290772330966E-4     0.010508                 -23.718995469474308
0.0016027397430862333     8.926809781859679E-4     0.010508                 -2.3988521769462934
0.0015911311471048452     9.567761574719111E-4     0.010508                 -23.269339017106745
0.001579522551123457      0.0010208713367578545    0.010508000000000002     -43.261016856734614
0.001567913955142069      0.0010849665160437977    0.010508                 -62.5647965846465
0.0015563053591606808     0.0011490616953297409    0.010508                 -81.18067820084025
0.0015446967631792927     0.001213156874615684     0.010508000000000002     -99.10866170531745
0.0015330881671979046     0.0012772520539016275    0.010508                 -116.348747098079
0.0015214795712165164     0.0013413472331875707    0.010508                 -130.47981146852408
0.0015433959694401641     8.969280584247823E-4     0.010508                 -4.788887518739781
0.001531787373458776      9.610232377107255E-4     0.010508                 -26.526185122343577
0.0015201787774773879     0.001025118416996669     0.010508                 -47.49767609068613
0.0015085701814959997     0.0010892135962826122    0.010508                 -67.78126894731304
0.0014969615855146116     0.0011533087755685554    0.010508                 -87.37696369222158
0.0014853529895332235     0.0012174039548544986    0.010508                 -106.28476032541312
0.0014737443935518354     0.001281499134140442     0.010508                 -125.66620286128
0.001484052195794095      9.011751386635969E-4     0.010508                 -7.414022537540854
0.0014724435998127068     9.652703179495401E-4     0.010508                 -30.01766339267124
0.0014608350038313187     0.0010293654972354834    0.010508                 -51.96896748972813
0.0014492264078499306     0.0010934606765214266    0.010508                 -73.23237347506802
0.0014376178118685424     0.00115755585580737      0.010508                 -93.80788134868999
0.0014260092158871543     0.001221651035093313     0.010508                 -115.13635449590765
0.001424708422148026      9.054222189024114E-4     0.010508                 -10.274257233349255
0.0014130998261666378     9.695173981883546E-4     0.010508                 -33.74377382808825
0.0014014912301852497     0.001033612577474298     0.010508                 -56.67489105385812
0.0013898826342038616     0.0010977077567602411    0.010508                 -78.91811016791144
0.0013782740382224734     0.0011618029360461845    0.010508                 -98.89026637241022
0.0013653646485019565     9.096692991412259E-4     0.010508                 -13.369591606165125
0.0013537560525205684     9.737644784271692E-4     0.010508                 -37.70451642859507
0.0013421474565391803     0.0010378596577131124    0.010508                 -61.61544678308019
0.0013305388605577922     0.0011019548369990556    0.010508                 -76.92793849078453
0.0013060208748558876     9.139163793800405E-4     0.010508                 -16.700025655988565
0.0012944122788744994     9.780115586659837E-4     0.010508                 -41.899891194191696
0.0012828036828931113     0.001042106737951927     0.010508                 -49.24937085103193
0.0012466771012098184     9.18163459618855E-4      0.010508                 -20.265559382819504
0.0012350685052284302     9.822586389047982E-4     0.010508                 -15.854563453153105
0.0011873333275637492     9.224105398576694E-4     0.010508                 -10.449776534042902
0.0014999999999999998     4.999999999999999E-4     0.010507999999999998     85.09351061934483
0.0015624999999999999     4.999999999999999E-4     0.010507999999999998     129.5439661105088
0.0015202604395915377     5.485542372433941E-4     0.010507999999999998     117.78078982190476
0.0015827604395915378     5.485542372433941E-4     0.010508                 116.29205838651296
0.001625                  4.999999999999999E-4     0.010508                 108.52190563101612
0.0016452604395915378     5.485542372433941E-4     0.010508                 90.95014709574207
0.0016874999999999998     5.0E-4                   0.010508                 90.71255826844845
0.0017077604395915379     5.485542372433941E-4     0.010508                 68.82094892189707
0.0017499999999999998     5.0E-4                   0.010508                 76.11592402280803
0.001770260439591538      5.485542372433941E-4     0.010508000000000002     49.904463864979334
0.0018124999999999999     5.0E-4                   0.010508                 64.73200289409397
0.0018327604395915378     5.485542372433942E-4     0.010508000000000002     34.20069192498886
0.001875                  5.000000000000001E-4     0.010508                 56.560794882305345
0.0018952604395915378     5.485542372433943E-4     0.010508000000000002     21.709633101923828
0.0019375                 5.000000000000001E-4     0.010508000000000002     51.60229998744535
0.0015405208791830756     5.971084744867882E-4     0.010508                 106.84632872949976
0.0016030208791830754     5.971084744867882E-4     0.010508                 101.43114856724696
0.0016655208791830755     5.971084744867884E-4     0.010508                 71.76938646519875
0.0017280208791830756     5.971084744867884E-4     0.010508                 45.32033748007734
0.0017905208791830756     5.971084744867884E-4     0.010508                 22.08400161188365
0.0018530208791830757     5.971084744867885E-4     0.010508                 2.0603788606163107
0.0015607813187746133     6.456627117301825E-4     0.010507999999999998     94.83688265179637
0.0016232813187746133     6.456627117301825E-4     0.010508                 84.96123665271261
0.0016857813187746134     6.456627117301825E-4     0.010508                 50.97962373938935
0.0017482813187746134     6.456627117301826E-4     0.010508                 20.210723942991535
0.0018107813187746135     6.456627117301826E-4     0.010508                 -7.345462736479476
0.0015810417583661512     6.942169489735767E-4     0.010508                 81.75245158879784
0.0016435417583661512     6.942169489735767E-4     0.010508                 66.882322642914
0.0017060417583661513     6.942169489735767E-4     0.010508                 28.58085891831297
0.0017685417583661513     6.942169489735767E-4     0.010508                 -6.507891689362168
0.001601302197957689      7.427711862169708E-4     0.010508                 67.59303554050268
0.001663802197957689      7.427711862169708E-4     0.010508                 47.194406537846135
0.001726302197957689      7.427711862169708E-4     0.010508                 4.573092001968234
0.0016215626375492267     7.91325423460365E-4      0.010507999999999998     52.358634506911244
0.0016840626375492268     7.91325423460365E-4      0.010508                 25.897488337511504
0.0016418230771407646     8.398796607037591E-4     0.010508                 36.04924848802477
0.0015824793034946954     8.441267409425736E-4     0.010508                 13.338516793582244
0.0015231355298486262     8.483738211813881E-4     0.010508000000000002     11.808266739457281
0.0014637917562025573     8.526209014202027E-4     0.010508                 10.042449496407755
0.0014044479825564879     8.568679816590172E-4     0.010508                 8.04106506443236
0.0013451042089104189     8.611150618978317E-4     0.010508000000000002     5.80411344353314
0.0012857604352643497     8.653621421366463E-4     0.010508                 3.331594633707823
0.0012264166616182805     8.696092223754607E-4     0.010508                 -2.6117469673592666
0.0015622188639031575     7.955725036991795E-4     0.010508                 28.344006999970816
0.0015028750902570886     7.99819583937994E-4      0.010507999999999998     27.786544598785213
0.0014435313166110192     8.040666641768086E-4     0.010507999999999998     26.99351500867499
0.0013841875429649502     8.083137444156231E-4     0.010507999999999998     25.964918229638897
0.001324843769318881      8.125608246544376E-4     0.010508                 24.700754261678753
0.0012654999956728118     8.168079048932521E-4     0.010507999999999998     22.888688016916035
0.00154195842431162       7.470182664557853E-4     0.010508                 42.80852933103432
0.0014826146506655507     7.512653466945998E-4     0.010508                 43.22385458278893
0.0014232708770194817     7.555124269334144E-4     0.010508                 43.40361264561665
0.0013639271033734123     7.597595071722288E-4     0.010508                 43.34780351952054
0.0013045833297273433     7.640065874110433E-4     0.010508                 42.43005624657059
0.001521697984720082      6.984640292123912E-4     0.010508                 56.73208378677282
0.0014623542110740128     7.027111094512057E-4     0.010508                 58.12019669146548
0.0014030104374279438     7.069581896900201E-4     0.010508                 59.27274240723432
0.0013436666637818744     7.112052699288346E-4     0.010508                 56.012357721605895
0.0015014375451285443     6.49909791968997E-4      0.010507999999999998     70.1146703671854
0.0014420937714824749     6.541568722078115E-4     0.010507999999999998     72.47557092481827
0.001382749997836406      6.58403952446626E-4      0.010507999999999998     63.635592442020936
0.0014811771055370064     6.013555547256027E-4     0.010508                 82.9562890722749
0.0014218333318909372     6.056026349644172E-4     0.010508                 65.29976040781924
0.0014609166659454685     5.528013174822086E-4     0.010507999999999998     61.004861618994056
9.999999999999998E-4      5.0E-4                   0.010508000000000002     -0.03456665016720551
0.0010624999999999999     5.0E-4                   0.010508000000000002     -2.664053577715019E-15
0.0010234166659454686     5.528013174822087E-4     0.010508000000000002     -31.846237837615263
0.0010859166659454684     5.528013174822087E-4     0.010508000000000002     -23.41894810323072
0.0011249999999999997     5.0E-4                   0.010508                 -2.839403513129922E-15
0.0011484166659454685     5.528013174822086E-4     0.010508000000000002     -15.056992863366986
0.0011874999999999998     5.0E-4                   0.010508                 -2.9968960872013323E-15
0.0012109166659454685     5.528013174822086E-4     0.010508000000000002     -6.695037623503367
0.0012499999999999998     5.0E-4                   0.010508                 -3.136531299929249E-15
0.0012734166659454683     5.528013174822086E-4     0.010508                 1.6669176163600241
0.0013124999999999999     5.0E-4                   0.010508                 -3.2583091513136716E-15
0.0013359166659454684     5.528013174822086E-4     0.010508                 10.028872856223643
0.001375                  4.999999999999999E-4     0.010508                 -3.3622296413546E-15
0.0013984166659454685     5.528013174822086E-4     0.010508                 18.390828096086352
0.0014374999999999998     4.999999999999999E-4     0.010507999999999998     -3.4482927700520366E-15
0.001046833331890937      6.056026349644174E-4     0.010508                 -56.11186938923629
0.0011093333318909371     6.056026349644174E-4     0.010508                 -39.310008865844566
0.0011718333318909372     6.056026349644174E-4     0.010508                 -22.58609838611801
0.0012343333318909373     6.056026349644173E-4     0.010508                 -5.862187906391682
0.001296833331890937      6.056026349644173E-4     0.010508                 10.86172257333601
0.0013593333318909372     6.056026349644173E-4     0.010508                 27.585633053064157
0.0010702499978364058     6.58403952446626E-4      0.010508                 -72.84874463011238
0.0011327499978364057     6.58403952446626E-4      0.010508                 -47.673182287843474
0.0011952499978364057     6.58403952446626E-4      0.010508                 -22.587316568251936
0.0012577499978364058     6.58403952446626E-4      0.010508                 2.4985491513371016
0.0013202499978364059     6.58403952446626E-4      0.010508                 27.584414870928413
0.0010936666637818746     7.112052699288347E-4     0.010508                 -82.05686356024444
0.0011561666637818744     7.112052699288347E-4     0.010508                 -48.508468369225284
0.0012186666637818745     7.112052699288347E-4     0.010508                 -15.060647409772173
0.0012811666637818746     7.112052699288346E-4     0.010508                 18.387173549682302
0.0011170833297273431     7.640065874110434E-4     0.010508                 -83.73622617963201
0.0011795833297273432     7.640065874110434E-4     0.010508                 -41.815867109991814
0.0012420833297273432     7.640065874110433E-4     0.010508                 -0.006090910675993655
0.0011404999956728119     8.168079048932521E-4     0.010508                 -77.88683248827601
0.0012029999956728117     8.168079048932521E-4     0.010508                 -27.595378510142382
0.0011639166616182804     8.696092223754608E-4     0.010508                 -64.50868248617599
8.124562499286834E-4      7.96766623198248E-4      0.010508                 -36.07005431913539
8.35899218687598E-4       7.596707952984669E-4     0.010508                 -101.19770157914397
8.593158846330666E-4      8.124721127806756E-4     0.010508                 3.573031661997902
8.827588533919812E-4      7.753762848808946E-4     0.010508                 -109.54195866341979
8.593421874465124E-4      7.225749673986859E-4     0.010508                 -65.98754513262254
9.062018221508957E-4      7.382804569811137E-4     0.010508000000000002     -79.30674097007386
8.82785156205427E-4       6.85479139498905E-4      0.010508                 -37.6976383776137
9.296447909098102E-4      7.011846290813327E-4     0.010508000000000002     -55.99025126531387
9.062281249643416E-4      6.48383311599124E-4      0.010508                 -16.32798131411628
9.530877596687249E-4      6.640888011815516E-4     0.010508000000000002     -39.5924895491396
9.296710937232561E-4      6.11287483699343E-4      0.010508                 -1.8785739421320304
9.765307284276394E-4      6.269929732817707E-4     0.010508000000000002     -30.11345582155309
9.531140624821706E-4      5.741916557995619E-4     0.010508                 5.650583738340557
9.999736971865539E-4      5.898971453819897E-4     0.010508000000000002     -27.55315008255161
9.765570312410852E-4      5.37095827899781E-4      0.010508000000000002     6.259491727301011
9.061755193374498E-4      8.281776023631032E-4     0.010508                 -16.520414126999185
9.296184880963644E-4      7.910817744633224E-4     0.010508                 -113.30440453457322
9.530614568552789E-4      7.539859465635413E-4     0.010508                 -88.04403153706699
9.765044256141934E-4      7.168901186637603E-4     0.010508                 -69.70238652814487
9.999473943731081E-4      6.797942907639794E-4     0.010508                 -58.27946950781097
0.0010233903631320226     6.426984628641983E-4     0.010508                 -53.77528047606165
9.530351540418331E-4      8.438830919455311E-4     0.010508                 -31.697376108930712
9.764781228007476E-4      8.067872640457501E-4     0.010508                 -112.56818652794482
9.999210915596622E-4      7.69691436145969E-4      0.010508                 -92.28265822627827
0.0010233640603185767     7.325956082461881E-4     0.010508                 -78.91585791319585
0.0010468070290774911     6.954997803464071E-4     0.010508                 -72.4677855886996
9.998947887462162E-4      8.595885815279587E-4     0.010508                 -41.957854283798724
0.0010233377575051307     8.224927536281776E-4     0.010508                 -107.33330464353912
0.0010467807262640454     7.853969257283968E-4     0.010508                 -92.02262103770954
0.00107022369502296       7.483010978286157E-4     0.010508                 -83.63066542046636
0.0010467544234505995     8.752940711103863E-4     0.010508                 -47.30184865159936
0.0010701973922095142     8.381982432106054E-4     0.010508                 -97.59975888134977
0.0010936403609684286     8.011024153108244E-4     0.010508                 -87.26391997135806
0.0010936140581549827     8.909995606928142E-4     0.010508                 -47.729359212336476
0.0011170570269138972     8.539037327930331E-4     0.010508                 -83.36754924137995
0.001140473692859366      9.067050502752418E-4     0.010508                 -43.24038596600758
0.0015092568355139406     0.001403568992217912     0.010508                 -5.187640840496215
0.0015006049919037909     0.0014659195756885745    0.010508                 80.32638579015077
0.0014919531482936411     0.001528270159159237     0.010508                 59.93857072192827
0.0014833013046834918     0.0015906207426298995    0.010508                 39.841162668920106
0.001474649461073342      0.001652971326100562     0.010507999999999998     20.034161631119332
0.0014659976174631923     0.0017153219095712244    0.010507999999999998     0.5175676085300438
0.0014573457738530427     0.001777672493041887     0.010508                 -18.70861939885026
0.001448693930242893      0.0018400230765125496    0.010507999999999998     -34.087872315145205
0.0014492989221466836     0.0014059426522011246    0.010508                 -9.210999475832523
0.0014406470785365338     0.0014682932356717868    0.010508                 61.327358306683664
0.0014319952349263845     0.0015306438191424496    0.010508                 37.053447805502856
0.0014233433913162347     0.001592994402613112     0.010508                 13.069944319533079
0.001414691547706085      0.0016553449860837745    0.010508                 -10.623152151226805
0.0014060397040959352     0.001717695569554437     0.010508                 -34.02584160677634
0.0013973878604857859     0.0017800461530250995    0.010508                 -54.89060431547841
0.0013893410087794267     0.001408316312184337     0.010508                 -13.271728792976774
0.0013806891651692772     0.0014706668956549996    0.010508                 44.07752805316409
0.0013720373215591274     0.0015330174791256621    0.010507999999999998     15.917522119023033
0.0013633854779489779     0.0015953680625963246    0.010508                 -11.95207679990699
0.001354733634338828      0.001657718646066987     0.010507999999999998     -39.531268703626665
0.0013460817907286783     0.0017200692295376496    0.010507999999999998     -65.8288077269226
0.0013293830954121699     0.0014106899721675495    0.010508                 -17.369828791934424
0.0013207312518020203     0.0014730405556382122    0.010508                 28.576895029587376
0.0013120794081918706     0.0015353911391088745    0.010508                 -3.469206337513697
0.001303427564581721      0.001597741722579537     0.010508                 -35.2249006894026
0.0012947757209715713     0.0016600923060501997    0.010508                 -66.90248254947346
0.0012694251820449132     0.001413063632150762     0.010508                 -21.5052994727007
0.0012607733384347635     0.0014754142156214246    0.010508                 14.825459235956714
0.0012521214948246137     0.001537764799092087     0.010508                 -21.10673756410324
0.0012434696512144642     0.0016001153825627495    0.010508                 -58.1116287831328
0.0012094672686776562     0.0014154372921339744    0.010508                 -25.678140835278555
0.0012008154250675064     0.001477787875604637     0.010508                 2.823220672271873
0.0011921635814573569     0.0015401384590752996    0.010507999999999998     -39.45624642790017
0.0011495093553103993     0.001417810952117187     0.010508                 -29.888352879667536
0.0011408575117002496     0.0014801615355878495    0.010508                 -10.936335483777839
0.0010895514419431425     0.0014201846121003996    0.010508                 -31.21785827553187
0.0011017741776457183     0.0013579628530700583    0.010508                 -63.42707373487738
0.001161732091012975      0.0013555891930868457    0.010508                 -67.83997189913981
0.001113996913348294      0.001295741094039717     0.010508                 -35.87018474224731
0.001173954826715551      0.0012933674340565044    0.010508000000000002     -43.55490707454612
0.00112621964905087       0.001233519335009376     0.010508                 -12.428107881983344
0.001186177562418127      0.0012311456750261633    0.010508                 -23.486485305276574
0.0011384423847534458     0.0011712975759790344    0.010508                 6.899156845918306
0.0011984002981207027     0.0011689239159958218    0.010508                 -7.6347065913294045
0.0011506651204560216     0.0011090758169486933    0.010508                 22.111609441453318
0.0012106230338232787     0.0011067021569654808    0.010508000000000002     4.000429067295045
0.0011628878561585976     0.001046854057918352     0.010508                 33.20924990462624
0.0012228457695258545     0.0010444803979351395    0.010508                 11.4189216705945
0.0011751105918611734     9.846322988880107E-4     0.010508                 40.192078235432376
0.0012216900043802322     0.0013532155331036333    0.010508                 -73.31657819168652
0.001233912740082808      0.0012909937740732918    0.010508                 -56.56159784763827
0.0012461354757853837     0.0012287720150429508    0.010508                 -44.023260558910806
0.0012583582114879595     0.0011665502560126095    0.010508                 -35.70156632550925
0.0012705809471905355     0.0011043284969822682    0.010508                 -31.596515147429272
0.001281647917747489      0.0013508418731204208    0.010508                 -80.6171230777984
0.0012938706534500648     0.0012886201140900795    0.010508                 -71.39222721429405
0.0013060933891526406     0.0012263983550597382    0.010508                 -66.38397440611334
0.0013183161248552164     0.0011641765960293971    0.010508                 -65.59236465325375
0.0013416058311147457     0.0013484682131372082    0.010508                 -89.74160655748187
0.0013538285668173217     0.001286246454106867     0.010508                 -88.04679517452087
0.0013660513025198977     0.0012240246950765256    0.010508                 -90.56862684688349
0.0014015637444820027     0.0013460945531539956    0.010508                 -100.69002863072774
0.0014137864801845785     0.0012838727941236543    0.010508                 -106.52530172831212
0.0014615216578492596     0.0013437208931707833    0.010508                 -113.46238929754281
0.001                     0.0018999999999999996    0.010508                 52.46128545225489
0.0010111939302428928     0.0018400230765125496    0.010508                 -25.85766011256898
0.0010625                 0.0018999999999999996    0.010508                 -232.82594639800254
0.0010736939302428928     0.0018400230765125494    0.010508                 -188.72306366970264
0.0010223878604857855     0.0017800461530250995    0.010508                 -8.17667780980294
0.0010848878604857856     0.0017800461530250995    0.010508000000000002     -148.92194679884062
0.0010335817907286785     0.0017200692295376496    0.010508                 4.838999300784792
0.0010960817907286783     0.0017200692295376496    0.010508                 -113.42259578541643
0.0010447757209715712     0.0016600923060501997    0.010508                 13.189371219196339
0.0011072757209715713     0.0016600923060501995    0.010508                 -82.22501062942797
0.0010559696512144642     0.0016001153825627495    0.010508                 16.874437945430415
0.001118469651214464      0.0016001153825627495    0.010508000000000002     -55.32919133087671
0.001067163581457357      0.0015401384590752996    0.010508                 15.894199479487543
0.0011296635814573568     0.0015401384590752994    0.010508                 -32.73513788976334
0.0010783575117002497     0.0014801615355878495    0.010508                 10.248655821367818
0.0011250000000000001     0.0018999999999999996    0.010507999999999998     -191.08659770276518
0.0011361939302428929     0.0018400230765125496    0.010508                 -155.4706536578882
0.0011473878604857856     0.0017800461530250997    0.010507999999999998     -124.1564754704466
0.0011585817907286784     0.0017200692295376496    0.010507999999999998     -97.14406314044209
0.0011697757209715711     0.0016600923060501997    0.010507999999999998     -74.43341666787592
0.0011809696512144641     0.0016001153825627495    0.010508                 -56.0245360527465
0.0011875000000000002     0.0018999999999999996    0.010508                 -152.10209845022655
0.001198693930242893      0.0018400230765125496    0.010508                 -124.97309308876902
0.0012098878604857857     0.0017800461530250995    0.010508                 -102.14585358474869
0.0012210817907286784     0.0017200692295376496    0.010508                 -83.62037993816557
0.0012322757209715712     0.0016600923060501997    0.010508                 -69.39667214902147
0.00125                   0.0018999999999999996    0.010508                 -115.8724486403853
0.0012611939302428928     0.0018400230765125494    0.010508                 -97.23038196234916
0.0012723878604857857     0.0017800461530250995    0.010508                 -82.89008114175022
0.0012835817907286785     0.0017200692295376496    0.010508                 -72.85154617858825
0.0013124999999999999     0.0018999999999999996    0.010507999999999998     -82.39764827324052
0.0013236939302428928     0.0018400230765125496    0.010507999999999998     -72.24252027862462
0.0013348878604857856     0.0017800461530250995    0.010507999999999998     -66.38915814144639
0.0013750000000000001     0.0018999999999999996    0.010508                 -51.67769734879312
0.0013861939302428929     0.0018400230765125494    0.010508                 -50.009508037600426
0.0014375                 0.0018999999999999996    0.010507999999999998     -23.712595867045366
8.328618602814163E-4      0.001072378110178123     0.010508                 -24.417524541816523
8.303111589873246E-4      0.0010379266743056387    0.010508                 62.23480540462798
8.771707936917079E-4      0.0010536321638880664    0.010508                 33.85931903471568
8.746200923976162E-4      0.001019180728015582     0.010508                 56.57371365606062
8.27760457693233E-4       0.0010034752384331543    0.010508                 62.02108395859579
8.720693911035246E-4      9.847292921430976E-4     0.010508000000000002     70.6743643671362
8.252097563991414E-4      9.690238025606699E-4     0.010508                 62.628001212952725
8.69518689809433E-4       9.502778562706131E-4     0.010508                 85.61930506133535
8.226590551050498E-4      9.345723666881855E-4     0.010508                 64.05555716769807
8.669679885153414E-4      9.158264203981288E-4     0.010508                 101.40853573865536
8.201083538109582E-4      9.001209308157011E-4     0.010508                 66.30375182283156
8.644172872212499E-4      8.813749845256445E-4     0.010508000000000002     118.04205639909844
8.175576525168666E-4      8.656694949432167E-4     0.010508                 69.37258517835403
8.618665859271582E-4      8.4692354865316E-4       0.010508                 135.51986704266278
8.15006951222775E-4       8.312180590707324E-4     0.010508                 73.26205723426493
9.214797271019995E-4      0.0010348862175980095    0.010508                 44.0499835270204
9.189290258079079E-4      0.0010004347817255254    0.010508                 58.39715998078924
9.163783245138162E-4      9.659833458530408E-4     0.010508                 67.5176834717214
9.138276232197246E-4      9.315319099805564E-4     0.010508                 77.48249694577453
9.11276921925633E-4       8.97080474108072E-4      0.010508                 88.29160040295142
9.087262206315415E-4      8.626290382355878E-4     0.010508                 99.94499384324922
9.657886605122911E-4      0.0010161402713079531    0.010508                 49.04613193470561
9.632379592181995E-4      9.816888354354687E-4     0.010508                 54.7503656184565
9.606872579241079E-4      9.472373995629842E-4     0.010508                 58.890761889244686
9.581365566300162E-4      9.127859636904998E-4     0.010508                 63.87544814315311
9.555858553359246E-4      8.783345278180155E-4     0.010508                 69.70442438018472
0.0010100975939225827     9.973943250178962E-4     0.010508                 48.84776425777173
0.001007546892628491      9.629428891454119E-4     0.010508                 45.63333056906197
0.0010049961913343995     9.284914532729275E-4     0.010508                 44.79359961970545
0.0010024454900403078     8.940400174004431E-4     0.010508                 44.798158653471546
0.0010544065273328743     9.786483787278394E-4     0.010508                 43.45488049621679
0.0010518558260387827     9.441969428553551E-4     0.010508                 31.046054832606956
0.001049305124744691      9.097455069828707E-4     0.010508                 25.22619666310652
0.001098715460743166      9.59902432437783E-4      0.010508                 32.86748065004184
0.0010961647594490743     9.254509965652986E-4     0.010508                 10.988538409091007
0.0011430243941534576     9.411564861477262E-4     0.010508                 17.08556471924716
8.649480579891321E-4      0.0011158539229184075    0.010508                 -64.93209261410243
9.092569913994237E-4      0.0010971079766283508    0.010508                 -16.989035327506087
9.535659248097153E-4      0.0010783620303382942    0.010508000000000002     0.9611510441999371
9.97874858220007E-4       0.0010596160840482375    0.010508                 13.99254593372666
0.0010421837916302986     0.001040870137758181     0.010508                 22.10514934107573
0.0010864927250405902     0.001022124191468124     0.010508000000000002     25.298961266244532
0.0011308016584508818     0.0010033782451780676    0.010508                 23.57398170923534
8.970342556968478E-4      0.0011593297356586921    0.010508                 -95.81572244377769
9.413431891071394E-4      0.0011405837893686355    0.010508                 -48.728683659626654
9.856521225174312E-4      0.0011218378430785788    0.010508                 -26.40606635595327
0.0010299610559277228     0.001103091896788522     0.010508                 -9.002240534457997
0.0010742699893380144     0.0010843459504984653    0.010508                 3.482793804858602
0.001118578922748306      0.0010656000042084087    0.010508                 11.04903666199607
9.291204534045635E-4      0.0012028055483989768    0.010508                 -116.14401631011746
9.734293868148552E-4      0.00118405960210892      0.010508                 -70.81765985503762
0.0010177383202251468     0.0011653136558188633    0.010508                 -44.12261161939614
0.0010620472536354384     0.0011465677095288066    0.010508                 -22.346354865933336
0.00110635618704573       0.00112782176323875      0.010508                 -5.488889594647844
9.612066511122794E-4      0.0012462813611392614    0.010508                 -125.91697421312327
0.001005515584522571      0.0012275354148492046    0.010508                 -83.25596391374052
0.0010498245179328626     0.001208789468559148     0.010508                 -52.18848474613151
0.0010941334513431542     0.0011900435222690913    0.010508                 -26.03979706070004
9.932928488199952E-4      0.0012897571738795458    0.010508                 -125.13459615279457
0.0010376017822302868     0.0012710112275894892    0.010508                 -86.04359583573523
0.0010819107156405784     0.0012522652812994323    0.010508                 -50.603685736156876
0.0010253790465277108     0.0013332329866198305    0.010508                 -113.7968821291311
0.0010696879799380024     0.0013144870403297738    0.010508                 -79.18055562101972
0.0010574652442354266     0.001376708799360115     0.010508                 -91.90383214213227
7.912541277462393E-4      0.0011174975130725244    0.010508                 -41.969567412037634
8.233403254539551E-4      0.0011609733258128088    0.010508                 -14.35358825005762
8.554265231616707E-4      0.0012044491385530935    0.010508000000000002     -41.838855682067006
8.875127208693866E-4      0.0012479249512933781    0.010508                 -57.864123324115056
9.195989185771024E-4      0.0012914007640336626    0.010508                 -62.42939117620281
9.516851162848182E-4      0.0013348765767739472    0.010508000000000002     -55.5346592383313
9.837713139925338E-4      0.0013783523895142316    0.010508                 -37.17992751049886
0.0010158575117002497     0.0014218282022545163    0.010508                 -5.557295668925592
7.496463952110622E-4      0.0011626169159669256    0.010508                 25.35142774919518
7.81732592918778E-4       0.0012060927287072102    0.010508                 44.75054976319039
8.138187906264938E-4      0.0012495685414474949    0.010508                 15.435195294434124
8.459049883342095E-4      0.0012930443541877793    0.010508                 -2.4201593843610283
8.779911860419253E-4      0.001336520166928064     0.010508                 -8.81551427319738
9.100773837496411E-4      0.0013799959796683484    0.010508                 -3.750869372072657
9.421635814573569E-4      0.001423471792408633     0.010508                 13.572622647358743
7.080386626758851E-4      0.001207736318861327     0.010508                 74.69763946840567
7.401248603836009E-4      0.0012512121316016114    0.010508                 87.30624199293246
7.722110580913168E-4      0.001294687944341896     0.010508                 56.1608004874291
8.042972557990324E-4      0.0013381637570821807    0.010508                 36.47535877188545
8.363834535067482E-4      0.0013816395698224653    0.010508                 28.249916846302142
8.68469651214464E-4       0.0014251153825627497    0.010508                 31.386850932893193
6.664309301407081E-4      0.0012528557217557283    0.010508                 106.06906774559366
6.98517127848424E-4       0.0012963315344960127    0.010508                 113.31348843916678
7.306033255561397E-4      0.0013398073472362974    0.010508                 80.33795989691583
7.626895232638554E-4      0.0013832831599765818    0.010508                 58.82243114462534
7.947757209715712E-4      0.0014267589727168664    0.010508                 47.885389187677525
6.248231976055312E-4      0.0012979751246501295    0.010508                 119.46571258075869
6.569093953132469E-4      0.001341450937390414     0.010508                 122.77228910189444
6.889955930209626E-4      0.0013849267501306987    0.010508                 87.96667352289614
7.210817907286784E-4      0.0014284025628709832    0.010508                 63.06823741171135
5.832154650703541E-4      0.0013430945275445308    0.010508                 114.8875739739014
6.153016627780698E-4      0.0013865703402848152    0.010508                 115.68264398111599
6.473878604857856E-4      0.0014300461530250999    0.010508                 76.93539560499528
5.41607732535177E-4       0.001388213930438932     0.010508                 92.3346519250216
5.736939302428928E-4      0.0014316897431792166    0.010508                 89.48686376752875
5.0E-4                    0.0014333333333333333    0.010508                 51.94875153401249
0.001004663581457357      0.0014818051257419662    0.010508                 20.562514158650202
9.934696512144642E-4      0.0015417820492294163    0.010508000000000002     39.84557913552925
9.822757209715712E-4      0.0016017589727168663    0.010508                 54.09979958549172
9.710817907286784E-4      0.0016617358962043164    0.010508                 63.325175508535835
9.598878604857857E-4      0.0017217128196917663    0.010508000000000002     67.5217069046646
9.486939302428929E-4      0.0017816897431792162    0.010508                 66.68939377387528
9.375E-4                  0.0018416666666666664    0.010508                 80.57319650295301
9.309696512144641E-4      0.001483448715896083     0.010508                 19.896130873042637
9.197757209715712E-4      0.001543425639383533     0.010508                 20.391947243463505
9.085817907286785E-4      0.001603402562870983     0.010508                 15.858919086966807
8.973878604857856E-4      0.0016633794863584331    0.010508                 6.297046403553168
8.861939302428928E-4      0.001723356409845883     0.010508                 -8.2936708067773
8.75E-4                   0.001783333333333333     0.010508                 -23.028143592775905
8.572757209715713E-4      0.0014850923060501999    0.010508                 18.02663944598646
8.460817907286783E-4      0.0015450692295376498    0.010508                 -0.2647927900513878
8.348878604857856E-4      0.0016050461530250997    0.010508                 -23.585069553006633
8.236939302428928E-4      0.0016650230765125498    0.010508                 -51.93419084287825
8.125000000000001E-4      0.0017249999999999998    0.010508                 -93.4520198408361
7.835817907286785E-4      0.0014867358962043164    0.010508                 14.95403987748125
7.723878604857856E-4      0.0015467128196917665    0.010508                 -22.124640965015487
7.611939302428928E-4      0.0016066897431792164    0.010508                 -64.23216633442826
7.5E-4                    0.0016666666666666666    0.010508                 -130.69843224122656
7.098878604857857E-4      0.0014883794863584333    0.010508                 10.678332167527287
6.986939302428928E-4      0.0015483564098458832    0.010508                 -45.18759728142777
6.875E-4                  0.0016083333333333331    0.010508                 -134.76738079394772
6.361939302428929E-4      0.0014900230765125498    0.010508                 5.199516316124345
6.25E-4                   0.00155                  0.010508                 -105.65886549899915
5.625000000000001E-4      0.0014916666666666665    0.010508                 -43.372886356381514
5.0E-4                    9.666666666666669E-4     0.010508                 9.123381817745232
5.41607732535177E-4       9.79880597105599E-4      0.010508                 -12.895432516253578
5.0E-4                    0.0010250000000000003    0.010508                 0
5.41607732535177E-4       0.0010382139304389321    0.010508                 -31.35745122546399
5.832154650703541E-4      9.93094527544531E-4      0.010508                 -34.265705068595935
5.832154650703542E-4      0.0010514278608778642    0.010508000000000002     -57.4305526993918
6.248231976055312E-4      0.0010063084579834628    0.010508                 -50.425744930408996
6.248231976055312E-4      0.0010646417913167962    0.010508                 -78.21930442178325
6.664309301407081E-4      0.001019522388422395     0.010508                 -61.37555210169273
6.664309301407081E-4      0.0010778557217557283    0.010508                 -93.72370639263806
7.080386626758851E-4      0.001032736318861327     0.010508                 -67.11512658244749
7.080386626758851E-4      0.0010910696521946603    0.010508000000000002     -103.94375861195783
7.496463952110622E-4      0.001045950249300259     0.010508                 -67.64446837267258
7.496463952110623E-4      0.0011042835826335922    0.010508                 -108.87946107974022
7.912541277462393E-4      0.001059164179739191     0.010508                 -62.963577472368314
5.0E-4                    0.0010833333333333335    0.010508                 0
5.41607732535177E-4       0.0010965472637722655    0.010508                 -19.014715799426767
5.832154650703541E-4      0.0011097611942111976    0.010508                 -32.74508184731735
6.24823197605531E-4       0.0011229751246501296    0.010508                 -41.19109814367164
6.664309301407081E-4      0.0011361890550890615    0.010508                 -44.35276468848963
7.080386626758852E-4      0.0011494029855279937    0.010508                 -42.23008148177138
5.0E-4                    0.0011416666666666667    0.010508                 0
5.41607732535177E-4       0.001154880597105599     0.010508                 -6.671980373389488
5.832154650703541E-4      0.0011680945275445308    0.010508                 -8.05961099524285
6.248231976055312E-4      0.0011813084579834628    0.010508                 -4.162891865559743
6.664309301407081E-4      0.0011945223884223949    0.010508                 5.0181770156594325
5.0E-4                    0.0012000000000000001    0.010508                 0
5.41607732535177E-4       0.0012132139304389322    0.010508                 5.67075505264782
5.832154650703541E-4      0.0012264278608778642    0.010508                 16.625859856831596
6.248231976055312E-4      0.001239641791316796     0.010508                 32.86531441255184
5.0E-4                    0.0012583333333333335    0.010508                 0
5.41607732535177E-4       0.0012715472637722654    0.010508                 18.013490478684986
5.832154650703541E-4      0.0012847611942111974    0.010508                 41.31133070890614
5.0E-4                    0.0013166666666666667    0.010508                 0
5.41607732535177E-4       0.0013298805971055988    0.010508                 30.356225904722145
5.0E-4                    0.001375                 0.010508                 0
7.887034264521477E-4      0.0010247127438667066    0.010508                 55.88673991820149
7.470956939169706E-4      0.0010114988134277746    0.010508000000000002     41.72001130094004
7.054879613817935E-4      9.982848829888425E-4     0.010508                 32.68939831320129
6.638802288466165E-4      9.850709525499105E-4     0.010508                 28.79490095498488
6.222724963114395E-4      9.718570221109785E-4     0.010508000000000002     30.036519226290398
5.806647637762624E-4      9.586430916720466E-4     0.010508                 36.41425312711831
5.390570312410855E-4      9.454291612331146E-4     0.010508                 34.81982077657397
7.86152725158056E-4       9.902613079942222E-4     0.010508                 43.56766042054802
7.445449926228789E-4      9.770473775552902E-4     0.010508                 36.59007312891704
7.029372600877019E-4      9.638334471163581E-4     0.010508                 34.74860146680873
6.613295275525249E-4      9.506195166774263E-4     0.010508                 38.04324543422272
6.197217950173479E-4      9.374055862384943E-4     0.010508                 46.47400503115891
5.781140624821708E-4      9.241916557995622E-4     0.010508                 47.74393075113304
7.836020238639644E-4      9.558098721217378E-4     0.010508                 32.045568340549025
7.419942913287874E-4      9.425959416828058E-4     0.010508                 32.25712237454894
7.003865587936103E-4      9.293820112438738E-4     0.010508                 37.60479203807113
6.587788262584333E-4      9.161680808049418E-4     0.010508                 48.0885773311158
6.171710937232563E-4      9.029541503660098E-4     0.010508                 52.457402650295215
7.810513225698728E-4      9.213584362492535E-4     0.010508                 21.320463678205087
7.394435900346958E-4      9.081445058103215E-4     0.010508                 28.72115903783613
6.978358574995187E-4      8.949305753713895E-4     0.010508                 41.25797002698889
6.562281249643416E-4      8.817166449324574E-4     0.010508                 48.96023647406008
7.785006212757811E-4      8.869070003767691E-4     0.010508                 11.392346433517005
7.368928887406042E-4      8.736930699378371E-4     0.010508                 25.982183118778273
6.952851562054272E-4      8.604791394989051E-4     0.010508                 37.252432222428034
7.759499199816895E-4      8.524555645042847E-4     0.010508                 2.2612166064841333
7.343421874465125E-4      8.392416340653526E-4     0.010508                 17.333989895398823
7.733992186875979E-4      8.180041286318003E-4     0.010508                 -10.795090507027432
5.0E-4                    0.0019                   0.010508                 -441.0199887162862
5.0E-4                    0.0018416666666666666    0.010508                 -386.7460835088125
5.625000000000001E-4      0.0018999999999999998    0.010508                 -357.98236398000176
5.625000000000001E-4      0.0018416666666666666    0.010508                 -320.43448585164134
5.0E-4                    0.0017833333333333334    0.010508                 -332.0015186801274
5.625000000000001E-4      0.0017833333333333332    0.010508000000000002     -282.41594810206936
5.0E-4                    0.001725                 0.010508                 -276.7862942302305
5.625000000000001E-4      0.001725                 0.010508                 -243.92675073128538
5.0E-4                    0.0016666666666666666    0.010508                 -221.10041015912228
5.625000000000001E-4      0.0016666666666666666    0.010508                 -204.96689373928996
5.0E-4                    0.0016083333333333334    0.010508                 -164.9438664668022
5.625000000000001E-4      0.0016083333333333331    0.010508000000000002     -165.5363771260836
5.0E-4                    0.00155                  0.010508                 -108.31666315327087
5.625000000000001E-4      0.00155                  0.010508                 -125.63520089166559
5.0E-4                    0.0014916666666666667    0.010508                 -51.21880021852756
6.25E-4                   0.0019                   0.010508                 -273.8550698723675
6.25E-4                   0.0018416666666666666    0.010508                 -253.03321882312014
6.25E-4                   0.0017833333333333332    0.010508                 -231.74070815266055
6.25E-4                   0.001725                 0.010508                 -209.97753786099065
6.25E-4                   0.0016666666666666666    0.010508                 -187.7437079481083
6.25E-4                   0.0016083333333333334    0.010508                 -165.0392184140146
6.875E-4                  0.0018999999999999998    0.010508                 -188.6381063933827
6.875E-4                  0.0018416666666666666    0.010508                 -184.54228242324825
6.875E-4                  0.0017833333333333332    0.010508                 -179.97579883190292
6.875E-4                  0.0017249999999999998    0.010508                 -174.93865561934535
6.875E-4                  0.0016666666666666666    0.010508                 -169.43085278557646
7.5E-4                    0.0018999999999999998    0.010508                 -102.3314735430481
7.5E-4                    0.0018416666666666664    0.010508                 -114.96167665202688
7.5E-4                    0.001783333333333333     0.010508                 -127.12122013979433
7.5E-4                    0.0017249999999999998    0.010508                 -138.81010400635023
8.125000000000001E-4      0.0018999999999999998    0.010508                 -14.935171321363669
8.125000000000001E-4      0.0018416666666666664    0.010508                 -44.29140150945568
8.125000000000001E-4      0.001783333333333333     0.010508                 -73.17697207633637
8.75E-4                   0.0018999999999999996    0.010508                 73.5508002716706
8.75E-4                   0.0018416666666666664    0.010508                 27.468543004465573
9.375E-4                  0.0018999999999999998    0.010508                 163.12644123605514
0.0020625                 5.000000000000001E-4     0.010508000000000002     -41.72645967714766
0.0020796564879067858     5.581269128531722E-4     0.010508000000000002     -16.377353504107077
0.002125                  5.000000000000001E-4     0.010508                 -2.984998310865194
0.002142156487906786      5.581269128531722E-4     0.010508000000000002     6.98139532501591
0.0021875                 5.0E-4                   0.010508                 36.70832704431723
0.002204656487906786      5.581269128531722E-4     0.010508000000000002     31.292008143036355
0.0022500000000000003     5.0E-4                   0.010508                 77.3535163883962
0.002267156487906786      5.581269128531722E-4     0.010508000000000002     56.55448494995221
0.0023125000000000003     5.0E-4                   0.010508                 118.95056972137081
0.002329656487906786      5.581269128531722E-4     0.010508000000000002     82.76882574576848
0.002375                  5.0E-4                   0.010508                 161.49948704324584
0.002392156487906786      5.581269128531721E-4     0.010508                 109.9350305304813
0.0024375000000000004     5.0E-4                   0.010508                 205.0002683540181
0.002454656487906786      5.581269128531721E-4     0.010508                 133.9455213215809
0.0025                    5.0E-4                   0.010508                 245.45774074386236
0.0020968129758135714     6.162538257063443E-4     0.010508                 1.0881890183460428
0.0021593129758135715     6.162538257063443E-4     0.010508                 9.064225310307876
0.0022218129758135715     6.162538257063443E-4     0.010508                 17.992125591165063
0.0022843129758135716     6.162538257063443E-4     0.010508                 27.87188986092201
0.0023468129758135716     6.162538257063443E-4     0.010508                 38.70351811957585
0.0024093129758135713     6.162538257063443E-4     0.010508                 46.49397226890156
0.0021139694637203575     6.743807385595165E-4     0.010508                 10.670167890210564
0.002176469463720357      6.743807385595165E-4     0.010508                 3.263491645009964
0.002238969463720357      6.743807385595165E-4     0.010508                 -3.1913206112932357
0.0023014694637203572     6.743807385595164E-4     0.010508                 -8.69426887869821
0.0023639694637203573     6.743807385595164E-4     0.010508                 -16.896906414176115
0.0021311259516271427     7.325076514126886E-4     0.010508                 12.368583111485577
0.002193625951627143      7.325076514126886E-4     0.010508                 -10.420805670875495
0.002256125951627143      7.325076514126886E-4     0.010508                 -32.25833046434015
0.002318625951627143      7.325076514126886E-4     0.010508                 -56.22711472765167
0.002148282439533929      7.906345642658607E-4     0.010508                 6.183434682172333
0.0022107824395339285     7.906345642658607E-4     0.010508                 -31.988666637351145
0.0022732824395339285     7.906345642658607E-4     0.010508                 -71.49665267152592
0.0021654389274407145     8.487614771190328E-4     0.010508                 -7.88527739772951
0.0022279389274407146     8.487614771190328E-4     0.010508                 -62.70552024579851
0.0021825954153475        9.068883899722049E-4     0.010508                 -29.85371745046908
0.0024999999999999996     9.083333333333333E-4     0.010507999999999998     -91.88442745641157
0.0024546564879067852     9.081269128531722E-4     0.010507999999999998     -83.60572613519521
0.002409312975813571      9.079204923730111E-4     0.010507999999999998     -75.1335183170657
0.002363969463720357      9.077140718928497E-4     0.010507999999999998     -66.46780400202272
0.0023186259516271425     9.075076514126887E-4     0.010507999999999998     -57.60858319006661
0.0022732824395339285     9.073012309325273E-4     0.010508                 -48.55585588119652
0.002227938927440714      9.070948104523662E-4     0.010507999999999998     -39.30962207541364
0.0024999999999999996     8.5E-4                   0.010507999999999997     -44.47844319894773
0.0024546564879067852     8.497935795198389E-4     0.010507999999999997     -48.21096044760367
0.0024093129758135713     8.495871590396776E-4     0.010508                 -51.74997119934588
0.0023639694637203573     8.493807385595164E-4     0.010508                 -55.095475454175045
0.002318625951627143      8.491743180793552E-4     0.010508                 -58.24747321209094
0.0022732824395339285     8.48967897599194E-4      0.010508                 -61.20596447309333
0.0024999999999999996     7.916666666666666E-4     0.010507999999999997     2.9992127484306366
0.0024546564879067857     7.914602461865055E-4     0.010507999999999998     -12.74452307009733
0.0024093129758135713     7.912538257063442E-4     0.010507999999999998     -28.29475239171208
0.002363969463720357      7.910474052261831E-4     0.010507999999999998     -43.65147521641329
0.002318625951627143      7.908409847460218E-4     0.010508                 -58.81469154420125
0.0024999999999999996     7.333333333333333E-4     0.010507999999999998     50.54854038572307
0.0024546564879067857     7.331269128531721E-4     0.010507999999999998     22.793585997322907
0.0024093129758135717     7.329204923730109E-4     0.010508                 -4.767861894163559
0.002363969463720357      7.327140718928497E-4     0.010508                 -32.135803288736824
0.0025                    6.75E-4                  0.010508                 98.16953971292969
0.0024546564879067857     6.747935795198388E-4     0.010508                 58.40336675465767
0.0024093129758135717     6.745871590396776E-4     0.010508                 18.83070029329872
0.0024999999999999996     6.166666666666666E-4     0.010507999999999998     145.8622107300513
0.0024546564879067857     6.164602461865055E-4     0.010507999999999998     94.08481920190701
0.0025                    5.583333333333333E-4     0.010508                 193.62655343708695
7.733992186875979E-4      7.596707952984669E-4     0.010508                 -132.5250981527708
7.343421874465125E-4      7.809083007320192E-4     0.010508                 -57.010210381051934
6.952851562054272E-4      8.021458061655718E-4     0.010508000000000002     -27.568267284100603
6.562281249643416E-4      8.233833115991241E-4     0.010508                 -6.102420733859823
6.171710937232563E-4      8.446208170326765E-4     0.010508                 7.387329269670758
5.781140624821709E-4      8.658583224662288E-4     0.010508000000000002     12.900982726490806
5.390570312410854E-4      8.870958278997811E-4     0.010508                 10.438539636600579
5.0E-4                    9.083333333333335E-4     0.010508                 0
7.343421874465125E-4      7.225749673986859E-4     0.010508                 -154.8540194409007
6.952851562054271E-4      7.438124728322384E-4     0.010508                 -83.93326357949567
6.562281249643417E-4      7.650499782657907E-4     0.010508                 -51.19441777017592
6.171710937232563E-4      7.86287483699343E-4      0.010508                 -26.43166850756637
5.781140624821708E-4      8.075249891328955E-4     0.010508                 -9.645015791667284
5.390570312410854E-4      8.287624945664478E-4     0.010508                 -0.8344596224784091
5.0E-4                    8.500000000000002E-4     0.010508                 0
6.952851562054272E-4      6.85479139498905E-4      0.010508                 -163.42924800666492
6.562281249643416E-4      7.067166449324573E-4     0.010508                 -96.28641480649196
6.171710937232563E-4      7.279541503660096E-4     0.010508                 -60.250666284803316
5.781140624821709E-4      7.49191655799562E-4      0.010508                 -32.19101430982522
5.390570312410854E-4      7.704291612331145E-4     0.010508                 -12.107458881557449
5.0E-4                    7.916666666666669E-4     0.010508                 0
6.562281249643416E-4      6.48383311599124E-4      0.010508                 -158.25078385006367
6.171710937232563E-4      6.696208170326763E-4     0.010508                 -94.06966406204037
5.781140624821708E-4      6.908583224662288E-4     0.010508                 -54.737012827983236
5.390570312410854E-4      7.120958278997811E-4     0.010508                 -23.380458140636485
5.0E-4                    7.333333333333334E-4     0.010508                 0
6.171710937232563E-4      6.11287483699343E-4      0.010508                 -139.31862697109653
5.781140624821709E-4      6.325249891328954E-4     0.010508                 -77.2830113461412
5.390570312410854E-4      6.537624945664477E-4     0.010508                 -34.65345739971541
5.0E-4                    6.75E-4                  0.010508                 0
5.781140624821708E-4      5.741916557995619E-4     0.010508                 -106.63277736976329
5.390570312410854E-4      5.954291612331144E-4     0.010508                 -45.92645665879451
5.0E-4                    6.166666666666667E-4     0.010508                 0
5.390570312410855E-4      5.37095827899781E-4      0.010508                 -60.19323504606453
5.0E-4                    5.583333333333334E-4     0.010508                 0
5.0E-4                    5.0E-4                   0.010508                 0
7.968421874465125E-4      7.22574967398686E-4      0.010508                 -125.4820683431094
7.577851562054271E-4      6.85479139498905E-4      0.010508000000000002     -136.9120989691346
7.187281249643417E-4      6.483833115991241E-4     0.010508                 -135.40464612187543
6.796710937232562E-4      6.11287483699343E-4      0.010508                 -120.95970980133234
6.406140624821709E-4      5.741916557995619E-4     0.010508000000000002     -93.57729000750555
6.015570312410854E-4      5.370958278997811E-4     0.010508                 -53.25738674039462
5.625E-4                  5.0E-4                   0.010508                 0
8.202851562054271E-4      6.854791394989051E-4     0.010508000000000002     -87.26396179982999
7.812281249643417E-4      6.48383311599124E-4      0.010508                 -95.6861363864316
7.421710937232562E-4      6.11287483699343E-4      0.010508                 -91.17082749974952
7.031140624821708E-4      5.741916557995619E-4     0.010508                 -73.71803513978375
6.640570312410854E-4      5.37095827899781E-4      0.010508000000000002     -43.32775930653361
6.249999999999999E-4      5.0E-4                   0.010508                 0
8.437281249643416E-4      6.48383311599124E-4      0.010508                 -55.96762665098788
8.046710937232562E-4      6.11287483699343E-4      0.010508                 -61.381945198166704
7.656140624821708E-4      5.741916557995619E-4     0.010508                 -53.85878027206172
7.265570312410853E-4      5.370958278997811E-4     0.010508                 -33.39813187267282
6.875E-4                  5.0E-4                   0.010508                 0
8.671710937232562E-4      6.11287483699343E-4      0.010508                 -31.593062896584
8.281140624821707E-4      5.741916557995619E-4     0.010508                 -33.999525404339806
7.890570312410854E-4      5.37095827899781E-4      0.010508                 -23.468504438811806
7.499999999999999E-4      5.0E-4                   0.010508                 0
8.906140624821708E-4      5.741916557995619E-4     0.010508                 -14.140270536617663
8.515570312410853E-4      5.37095827899781E-4      0.010508                 -13.538877004950905
8.124999999999999E-4      5.0E-4                   0.010508                 0
9.140570312410853E-4      5.37095827899781E-4      0.010508                 -3.6092495710899186
8.749999999999998E-4      5.0E-4                   0.010508                 0
9.374999999999997E-4      5.0E-4                   0.010508000000000002     0
