% Model:              stripline_filter_simple_decomp_new_mesh.mph
% Version:            COMSOL 6.1.0.252
% Date:               May 4 2023, 12:49
% Dimension:          3
% Nodes:              953
% Expressions:        1
% Description:        Surface
% X                       Y                        Z                        imag(emw.Ex)
0.0019354009108757384     0.0012544340293143602    0.010508                 -14.805556206634298
0.001960632284923057      0.0012182566885032373    0.010508                 -52.949962624829936
0.0020059757970162712     0.0012767964423167318    0.010508                 -23.13834088964134
0.0020312071710635897     0.001240619101505609     0.010508                 -27.599225364955856
0.0019858636589703753     0.0011820793476921144    0.010508                 -63.1325115528295
0.0020564385451109076     0.001204441760694486     0.010508000000000002     -31.269772600535006
0.0020110950330176937     0.0011459020068809915    0.010508                 -68.71021598893435
0.0020816699191582265     0.0011682644198833631    0.010508                 -31.439459265487855
0.002036326407065012      0.0011097246660698686    0.010508                 -69.68307593314535
0.002106901293205545      0.0011320870790722402    0.010508                 -28.108285359814403
0.0020615577811123305     0.0010735473252587457    0.010508                 -66.05109138546197
0.002132132667252863      0.0010959097382611173    0.010508000000000002     -21.276250883514948
0.002086789155159649      0.0010373699844476228    0.010508                 -57.81426234588429
0.0021573640413001817     0.0010597323974499947    0.010508                 -10.943355836589319
0.0021120205292069674     0.0010011926436365       0.010508                 -44.972588814412575
0.0021825954153475        0.0010235550566388718    0.010508                 4.190390546080341
0.0021372519032542858     9.650153028253771E-4     0.010508                 -16.052481741352626
0.002076550683156804      0.0012991588553191034    0.010508                 -4.724341605897962
0.002101782057204122      0.0012629815145079808    0.010508                 -8.183930661238037
0.002127013431251441      0.0012268041736968579    0.010508                 -8.972148578388385
0.0021522448052987593     0.0011906268328857347    0.010508                 -6.259505924912787
0.0021774761793460777     0.001154449492074612     0.010508                 -0.046002700810845454
0.0022027075533933957     0.0011182721512634892    0.010508                 9.668361093917383
0.0022279389274407146     0.0010820948104523663    0.010508                 20.16047384537244
0.0021471255692973364     0.0013215212683214753    0.010508                 8.699552254272362
0.002172356943344655      0.0012853439275103524    0.010508                 6.330398733701713
0.0021975883173919733     0.0012491665866992295    0.010508                 8.424510134979869
0.0022228196914392917     0.0012129892458881066    0.010508                 14.019482106884197
0.00224805106548661       0.0011768119050769837    0.010508                 23.115314649414813
0.0022732824395339285     0.0011406345642658608    0.010508                 29.424217796677766
0.0022177004554378692     0.0013438836813238469    0.010508                 17.13334069086943
0.0022429318294851877     0.001307706340512724     0.010508                 15.943762819863878
0.002268163203532506      0.001271528999701601     0.010508                 20.920203539570366
0.0022933945775798245     0.0012353516588904782    0.010508                 29.397504829903255
0.002318625951627143      0.0011991743180793553    0.010508                 31.981622399995924
0.002288275341578402      0.0013662460943262185    0.010508                 20.57702370389302
0.0023135067156257205     0.0013300687535150956    0.010508                 20.65616159724732
0.002338738089673039      0.0012938914127039727    0.010508                 28.51493163538271
0.0023639694637203573     0.0012577140718928498    0.010508                 27.83268765532725
0.0023588502277189344     0.00138860850732859      0.010508                 19.030601293343636
0.002384081601766253      0.0013524311665174672    0.010508                 20.467595065852947
0.0024093129758135713     0.0013162538257063443    0.010508                 16.977413562671405
0.0024294251138594677     0.0014109709203309617    0.010508                 12.4940734592208
0.002454656487906786      0.0013747935795198388    0.010508                 -0.5841998779714395
0.0025                    0.0014333333333333333    0.010508                 11.223375202446027
0.001901236236607809      0.0012086840128934593    0.010508                 25.25934037820167
0.0019264676106551274     0.0011725066720823364    0.010508                 -16.521330214276304
0.0018670715623398796     0.0011629339964725584    0.010508                 48.99102472176685
0.0018923029363871978     0.0011267566556614355    0.010508000000000002     10.99118714619999
0.0018329068880719498     0.0011171839800516578    0.010508                 62.006831998570874
0.0018581382621192684     0.0010810066392405347    0.010508                 28.553112209220217
0.0017987422138040204     0.001071433963630757     0.010508                 64.30676220861505
0.001823973587851339      0.0010352566228196338    0.010508                 36.16444497478369
0.001764577539536091      0.001025683947209856     0.010508                 55.89081535189791
0.0017898089135834092     9.895066063987331E-4     0.010508000000000002     33.825185442891325
0.0017304128652681616     9.799339307889551E-4     0.010508                 36.758991428420245
0.0017556442393154798     9.437565899778322E-4     0.010508                 21.53533361354266
0.001696248191000232      9.341839143680543E-4     0.010508                 6.9112904381825615
0.0017214795650475504     8.980065735569314E-4     0.010508                 1.2832403151140284
0.0016620835167323025     8.884338979471534E-4     0.010508                 5.24914441048259
0.0019516989847024459     0.0011363293312712135    0.010508                 -30.65811884953223
0.0019175343104345165     0.0010905793148503126    0.010508                 -3.47016882231992
0.0018833696361665866     0.0010448292984294118    0.010508                 13.767188907435411
0.0018492049618986572     9.99079282008511E-4      0.010508                 21.0539543397349
0.0018150402876307278     9.533292655876102E-4     0.010508                 18.390127474578094
0.0017808756133627984     9.075792491667093E-4     0.010508                 6.9374144586459465
0.0019769303587497643     0.0011001519904600906    0.010508                 -39.08607907162468
0.0019427656844818349     0.0010544019740391897    0.010508                 -12.222696377677948
0.0019086010102139052     0.001008651957618289     0.010508                 4.690094018813397
0.0018744363359459758     9.629019411973882E-4     0.010508                 11.652292117848674
0.0018402716616780462     9.171519247764873E-4     0.010508                 9.105569359704816
0.0020021617327970827     0.0010639746496489677    0.010508                 -41.80521088055593
0.001967997058529153      0.001018224633228067     0.010508                 -15.266395519872958
0.0019338323842612237     9.724746168071662E-4     0.010508                 1.3218275433541748
0.001899667709993294      9.267246003862653E-4     0.010508                 7.787705018290637
0.002027393106844401      0.0010277973088378448    0.010508                 -38.81551427632394
0.0019932284325764717     9.820472924169442E-4     0.010508                 -12.60126624890529
0.001959063758308542      9.362972759960432E-4     0.010508                 2.983821434403694
0.0020526244808917195     9.916199680267222E-4     0.010508                 -30.116989258929948
0.00201845980662379       9.458699516058212E-4     0.010508                 -5.306081391956468
0.002077855854939038      9.554426272155992E-4     0.010508                 -17.082003460789593
0.0024999999999999996     9.666666666666667E-4     0.010507999999999997     22.004935769601836
0.0024999999999999996     0.0010249999999999999    0.010507999999999998     11.327676435409915
0.0024546564879067857     9.664602461865055E-4     0.010507999999999998     17.743295012412204
0.0024546564879067857     0.0010247935795198388    0.010507999999999998     10.567956155459
0.0024999999999999996     0.0010833333333333333    0.010507999999999997     1.41206584824874
0.0024546564879067857     0.0010831269128531722    0.010507999999999998     4.1447644317095405
0.0024999999999999996     0.0011416666666666667    0.010507999999999997     -7.741895991884752
0.0024546564879067857     0.0011414602461865054    0.010507999999999998     -1.5167785450122353
0.0024999999999999996     0.0012000000000000001    0.010507999999999998     -16.134209084990562
0.0024546564879067857     0.0011997935795198388    0.010507999999999998     -6.416672774706669
0.0025                    0.0012583333333333333    0.010508                 -23.764873431068683
0.002454656487906786      0.0012581269128531722    0.010508                 -10.554918257372966
0.0024999999999999996     0.0013166666666666667    0.010507999999999998     -30.63388903011958
0.0024546564879067857     0.0013164602461865054    0.010507999999999998     -13.93151499301203
0.0025                    0.001375                 0.010508                 -36.74125588214217
0.0024093129758135713     9.662538257063443E-4     0.010507999999999997     13.460897197650652
0.0024093129758135713     0.0010245871590396777    0.010507999999999997     9.783509534338878
0.0024093129758135713     0.0010829204923730109    0.010508                 6.852736674000964
0.0024093129758135713     0.0011412538257063443    0.010508                 4.6836125606905625
0.0024093129758135713     0.0011995871590396777    0.010508                 3.276137194408184
0.0024093129758135713     0.001257920492373011     0.010508                 2.630310575153036
0.002363969463720357      9.660474052261832E-4     0.010507999999999997     9.157742325317068
0.002363969463720357      0.0010243807385595164    0.010507999999999998     8.974336572049378
0.002363969463720357      0.0010827140718928498    0.010507999999999998     9.53598257512312
0.002363969463720357      0.0011410474052261832    0.010507999999999998     10.859277325224548
0.0023639694637203573     0.0011993807385595164    0.010508                 12.944220822353659
0.002318625951627143      9.658409847460218E-4     0.010507999999999998     4.833830395411534
0.002318625951627143      0.0010241743180793553    0.010507999999999998     8.14043726859067
0.002318625951627143      0.0010825076514126887    0.010508                 12.1945021350759
0.002318625951627143      0.0011408409847460219    0.010508                 17.010215748588926
0.0022732824395339285     9.656345642658606E-4     0.010508                 0.48916140793405927
0.0022732824395339285     0.001023967897599194     0.010508                 7.281811623962352
0.0022732824395339285     0.0010823012309325274    0.010508                 14.828295353859415
0.002227938927440714      9.654281437856994E-4     0.010507999999999998     -3.8762646371153204
0.002227938927440714      0.0010237614771190329    0.010507999999999998     6.398459638165001
0.0021825954153475        9.652217233055383E-4     0.010508                 -8.26244773973674
0.0019434757970162712     0.001335129775650065     0.010508                 -2.7642329789655378
0.002014050683156804      0.0013574921886524366    0.010508                 -11.642972301598547
0.0020846255692973364     0.0013798546016548082    0.010508000000000002     -0.8364902246810288
0.002155200455437869      0.0014022170146571799    0.010508                 4.890746313868135
0.002225775341578402      0.0014245794276595515    0.010508                 5.538737314048376
0.002296350227718935      0.0014469418406619235    0.010508000000000002     1.107482775860376
0.0023669251138594676     0.0014693042536642951    0.010508                 -8.403017300696026
0.0024375000000000004     0.0014916666666666667    0.010508                 7.0394099970079935
0.001951550683156804      0.00141582552198577      0.010508                 -1.1519073114133676
0.0020221255692973363     0.0014381879349881417    0.010508                 0.2230592944183627
0.002092700455437869      0.0014605503479905135    0.010508                 1.5409902660555872
0.002163275341578402      0.001482912760992885     0.010508                 -2.220324300675884
0.0022338502277189348     0.0015052751739952567    0.010508                 -11.060884405775823
0.0023044251138594676     0.0015276375869976283    0.010508                 -24.980690049244032
0.002375                  0.00155                  0.010508                 -22.106326019268124
0.0019596255692973363     0.001496521268321475     0.010508                 -2.057818355394943
0.002030200455437869      0.0015188836813238467    0.010508                 9.749230567518339
0.002100775341578402      0.0015412460943262183    0.010508                 1.5786104338752693
0.0021713502277189347     0.00156360850732859      0.010508                 -11.671255238136638
0.0022419251138594675     0.0015859709203309615    0.010508                 -30.000366448516843
0.0023125000000000003     0.0016083333333333331    0.010508                 -40.138304977334826
0.001967700455437869      0.00157721701465718      0.010508                 -5.481966110911344
0.002038275341578402      0.0015995794276595517    0.010508                 16.935541517701267
0.0021088502277189346     0.0016219418406619233    0.010508                 -0.7236297212222098
0.0021794251138594675     0.001644304253664295     0.010508                 -23.46204649851441
0.0022500000000000003     0.0016666666666666666    0.010508                 -47.05652687719214
0.0019757753415784018     0.0016579127609928847    0.010508                 -11.424350577961945
0.0020463502277189346     0.0016802751739952565    0.010508                 21.78199214496783
0.0021169251138594674     0.0017026375869976281    0.010508                 -5.365730199236566
0.0021875                 0.0017249999999999998    0.010508                 -42.86099171884035
0.0019838502277189345     0.00173860850732859      0.010508                 -19.88497175654686
0.0020544251138594673     0.0017609709203309616    0.010508                 24.28858244931729
0.002125                  0.0017833333333333332    0.010508                 -27.55169950227929
0.0019919251138594673     0.001819304253664295     0.010508                 -30.863829646666602
0.0020625                 0.0018416666666666666    0.010508                 -1.128650227508814
0.002                     0.0018999999999999998    0.010508                 -22.18046212415967
0.0025                    0.0019                   0.010508                 0
0.0024375000000000004     0.0018999999999999998    0.010508                 1.1470147296172554E-13
0.0025                    0.0018416666666666666    0.010508                 15.324094966194878
0.0024375                 0.0018416666666666666    0.010508                 9.318850987343296
0.002375                  0.0019                   0.010508                 2.806799362149206E-13
0.002375                  0.0018416666666666666    0.010508000000000002     3.3136070084918288
0.0023125000000000003     0.0018999999999999998    0.010508                 5.363931324781872E-13
0.0023125                 0.0018416666666666666    0.010508                 -2.691636970359866
0.0022500000000000003     0.0018999999999999998    0.010508                 6.49349219461795E-13
0.00225                   0.0018416666666666666    0.010508                 -8.696880949211447
0.0021875                 0.0018999999999999998    0.010508                 8.54457180627673E-13
0.0021874999999999998     0.0018416666666666664    0.010508000000000002     -14.702124928063085
0.002125                  0.0018999999999999998    0.010508                 9.376122453152296E-13
0.002125                  0.0018416666666666666    0.010508                 -20.707368906914667
0.0020625                 0.0019                   0.010508                 1.1281555729301227E-12
0.0025                    0.0017833333333333334    0.010508                 29.3072197418295
0.0024375                 0.0017833333333333334    0.010508                 17.29673178412611
0.002375                  0.0017833333333333334    0.010508                 5.286243826422833
0.0023125                 0.0017833333333333334    0.010508                 -6.724244131280329
0.0022500000000000003     0.0017833333333333332    0.010508                 -18.73473208898372
0.0021875                 0.0017833333333333332    0.010508                 -30.74522004668711
0.0025                    0.001725                 0.010508                 41.94937432690381
0.0024375                 0.001725                 0.010508                 23.933642390348837
0.002375                  0.001725                 0.010508                 5.917910453793638
0.0023125                 0.001725                 0.010508                 -12.09782148276122
0.0022500000000000003     0.001725                 0.010508                 -30.113553419316304
0.0025                    0.0016666666666666666    0.010508                 53.25055872141786
0.0024375                 0.0016666666666666666    0.010508                 29.229582806011194
0.0023750000000000004     0.0016666666666666666    0.010508                 5.208606890604642
0.0023125000000000003     0.0016666666666666666    0.010508                 -18.812369024802592
0.0025                    0.0016083333333333334    0.010508                 63.21077292537177
0.0024375                 0.0016083333333333334    0.010508                 33.184553031113296
0.0023750000000000004     0.0016083333333333331    0.010508                 3.158333136854935
0.0025                    0.00155                  0.010508                 71.83001693876531
0.0024375                 0.00155                  0.010508                 35.79855306565514
0.0025                    0.0014916666666666667    0.010508                 79.10829076159877
0.0021200954153475        9.06888389972205E-4      0.010508                 14.367865868294132
0.0020606993670322523     8.97315714362427E-4      0.010508                 3.1384155739472135
0.0020013033187170045     8.877430387526491E-4     0.010508000000000002     4.457452947768161
0.0019419072704017564     8.781703631428712E-4     0.010508                 2.3970810544084316
0.0018825112220865086     8.685976875330932E-4     0.010508                 -3.042700106132486
0.0018231151737712603     8.590250119233152E-4     0.010508000000000002     -11.861890533854847
0.0017637191254560125     8.494523363135372E-4     0.010508                 -24.06049022875763
0.0017043230771407647     8.398796607037593E-4     0.010508                 -20.209624320808132
0.0021029389274407144     8.487614771190328E-4     0.010508                 31.639947199818153
0.0020435428791254666     8.391888015092548E-4     0.010508000000000002     18.776761288934495
0.0019841468308102184     8.29616125899477E-4      0.010508                 9.345319162508076
0.0019247507824949705     8.20043450289699E-4      0.010508                 -3.4655322310991323
0.0018653547341797227     8.10470774679921E-4      0.010508                 -19.655792891887295
0.0018059586858644747     8.00898099070143E-4      0.010508000000000002     -39.2254628198566
0.0017465626375492269     7.91325423460365E-4      0.010508                 -53.13489281237025
0.002085782439533929      7.906345642658607E-4     0.010508                 43.85425746148917
0.0020263863912186805     7.810618886560829E-4     0.010508                 28.460666051757244
0.001966990342903433      7.714892130463049E-4     0.010508                 8.2787444250838
0.0019075942945881849     7.619165374365269E-4     0.010508                 -15.282586468771242
0.001848198246272937      7.523438618267489E-4     0.010508                 -42.223326629807275
0.001788802197957689      7.427711862169709E-4     0.010508                 -72.73893528089445
0.0020686259516271427     7.325076514126886E-4     0.010508                 51.01079665330815
0.0020092299033118953     7.229349758029106E-4     0.010508                 32.190129862415006
0.001949833854996647      7.133623001931327E-4     0.010508                 1.257728735493913
0.0018904378066813992     7.037896245833547E-4     0.010508                 -33.054081658607856
0.0018310417583661514     6.942169489735767E-4     0.010508                 -79.02175172638044
0.0020514694637203575     6.743807385595165E-4     0.010508                 53.10956477527543
0.001992073415405109      6.648080629497385E-4     0.010508                 29.965152720907554
0.0019326773670898614     6.552353873399606E-4     0.010508                 -11.717727906261132
0.0018732813187746136     6.456627117301826E-4     0.010508                 -71.98334214882664
0.0020343129758135714     6.162538257063444E-4     0.010508                 50.150561827390334
0.0019749169274983235     6.066811500965664E-4     0.010508                 21.78573462723523
0.0019155208791830757     5.971084744867885E-4     0.010508                 -51.62370654823462
0.0020171564879067857     5.581269128531722E-4     0.010508000000000002     42.133787809652404
0.001957760439591538      5.485542372433943E-4     0.010508000000000002     -17.942844924604913
0.002                     5.000000000000001E-4     0.010508000000000002     19.37282848137571
0.0015                    0.0018999999999999996    0.010507999999999998     -40.04256710139173
0.0015086518436101498     0.001837649416529337     0.010507999999999998     -79.82434998496211
0.0015625                 0.0018999999999999998    0.010507999999999998     1.4373973450303122E-12
0.0015711518436101499     0.0018376494165293369    0.010508                 -21.322044923851422
0.0015173036872202996     0.0017752988330586744    0.010508                 -94.59300723791361
0.0015798036872202994     0.0017752988330586744    0.010507999999999998     -37.30760267760206
0.0015259555308304489     0.001712948249588012     0.010507999999999998     -104.3698224109404
0.0015884555308304492     0.0017129482495880119    0.010507999999999998     -47.956673261251126
0.0015346073744405987     0.0016505976661173494    0.010508                 -109.15479550404427
0.001597107374440599      0.0016505976661173494    0.010508                 -53.26925667479645
0.0015432592180507484     0.001588247082646687     0.010508                 -108.94792651722412
0.0016057592180507483     0.001588247082646687     0.010508                 -53.245352918239064
0.0015519110616608982     0.0015258964991760246    0.010507999999999998     -103.74921545048196
0.001614411061660898      0.0015258964991760244    0.010508                 -47.8849619915797
0.0015605629052710477     0.001463545915705362     0.010508                 -93.55866230381507
0.0016230629052710478     0.001463545915705362     0.010508                 7.512475245696265
0.0015692147488811975     0.0014011953322346994    0.010508                 -42.30763457955762
0.0016250000000000001     0.0018999999999999996    0.010508                 1.6159393438844341E-12
0.0016336518436101497     0.001837649416529337     0.010508                 -6.738558300136901
0.0016423036872202995     0.0017752988330586746    0.010508                 -8.140629430173817
0.001650955530830449      0.001712948249588012     0.010508                 -4.20621339010745
0.0016596073744405988     0.0016505976661173496    0.010508                 5.0646898200616715
0.0016682592180507483     0.001588247082646687     0.010508                 19.67208020033354
0.001676911061660898      0.0015258964991760246    0.010508                 63.31599592038555
0.0016875                 0.0018999999999999998    0.010507999999999998     2.0034178251492034E-12
0.0016961518436101497     0.0018376494165293373    0.010507999999999998     7.844928323576738
0.0017048036872202995     0.0017752988330586748    0.010508                 21.026343817255427
0.001713455530830449      0.0017129482495880123    0.010507999999999998     39.544246481035884
0.0017221073744405988     0.0016505976661173496    0.010508                 63.398636314919486
0.0017307592180507484     0.001588247082646687     0.010508                 96.3144594368701
0.00175                   0.0018999999999999998    0.010508                 1.2107730921323672E-12
0.0017586518436101498     0.001837649416529337     0.010508                 22.428414947290946
0.0017673036872202993     0.0017752988330586746    0.010508                 50.193317064683924
0.0017759555308304491     0.0017129482495880123    0.010508                 83.29470635217945
0.0017846073744405989     0.0016505976661173496    0.010508                 106.50786579514909
0.0018125                 0.0018999999999999996    0.010508                 1.4737058224514519E-12
0.0018211518436101496     0.001837649416529337     0.010508                 37.011901571005865
0.0018298036872202994     0.0017752988330586746    0.010508                 79.36029031211274
0.0018384555308304492     0.001712948249588012     0.010508                 93.89621499522315
0.001875                  0.0018999999999999998    0.010507999999999998     6.270919360605545E-13
0.0018836518436101497     0.0018376494165293373    0.010508                 51.5953881947197
0.0018923036872202995     0.0017752988330586748    0.010508                 58.47950703709006
0.0019375                 0.0018999999999999998    0.010508                 3.2605274883832316E-14
0.0019461518436101497     0.0018376494165293373    0.010508                 0.2577419207525793
0.001889627640626421      0.0012727791921794025    0.010508                 4.646801635332082
0.0018977025267669537     0.0013534749385151076    0.010508                 8.931072717247048
0.0019057774129074862     0.0014341706848508126    0.010508000000000002     3.240194851930255
0.001913852299048019      0.0015148664311865174    0.010508                 -5.1472961135373225
0.0019219271851885517     0.0015955621775222222    0.010508                 -16.231400179156935
0.0019300020713290845     0.0016762579238579272    0.010508000000000002     -30.012117344928583
0.001938076957469617      0.0017569536701936323    0.010508                 -46.48944761085227
0.0018438543703771034     0.001291124355044445     0.010508                 -11.465463329953849
0.001851929256517636      0.00137182010138015      0.010508                 1.6570033383599139
0.0018600041426581687     0.0014525158477158547    0.010508                 8.405178973919192
0.0018680790287987014     0.0015332115940515597    0.010508                 12.45674150932723
0.001876153914939234      0.0016139073403872647    0.010508                 13.811690944583233
0.0018842288010797667     0.0016946030867229698    0.010508                 12.470027279687201
0.0017980811001277854     0.0013094695179094876    0.010508                 -21.576544736955654
0.0018061559862683181     0.0013901652642451924    0.010508                 0.17802582229205655
0.001814230872408851      0.0014708610105808972    0.010508                 19.36525495872661
0.0018223057585493837     0.0015515567569166023    0.010508                 35.855870995010946
0.0018303806446899164     0.0016322525032523073    0.010508                 49.64987393114188
0.0017523078298784679     0.0013278146807745297    0.010508                 -25.68644258567531
0.0017603827160190006     0.0014085104271102347    0.010508                 4.49414016904268
0.0017684576021595334     0.0014892061734459398    0.010508                 36.12042280635387
0.0017765324883000661     0.0015699019197816448    0.010508                 65.05009234351382
0.0017065345596291503     0.0013461598436395722    0.010508                 -23.795156876112216
0.001714609445769683      0.001426855589975277     0.010508                 14.605346378612694
0.0017226843319102156     0.001507551336310982     0.010508                 58.67068251679939
0.0016607612893798328     0.0013645050065046148    0.010508                 -15.902687608266291
0.0016688361755203653     0.0014452007528403198    0.010508                 30.511644451000905
0.001614988019130515      0.0013828501693696571    0.010508                 -2.0090347821368084
0.0018554629663584915     0.0012270291757585016    0.010508                 23.03761487438294
0.0018096896961091737     0.0012453743386235442    0.010508000000000002     5.088111080250883
0.0017639164258598562     0.0012637195014885865    0.010508                 -6.654117460134216
0.0017181431556105387     0.001282064664353629     0.010508                 -12.189070746773211
0.0016723698853612207     0.0013004098272186714    0.010508000000000002     -11.516748779664738
0.0016265966151119032     0.001318754990083714     0.010508                 -4.637151558809819
0.0015808233448625856     0.0013371001529487562    0.010508                 -52.43094445490755
0.0018212982920905619     0.001181279159337601     0.010508                 37.225802124448364
0.0017755250218412443     0.0011996243222026433    0.010508                 13.838201586991772
0.0017297517515919266     0.0012179694850676858    0.010508                 -3.342123696717863
0.001683978481342609      0.0012363146479327282    0.010508                 -14.315173726680882
0.0016382052110932913     0.0012546598107977705    0.010508                 -19.0809485028974
0.0015924319408439737     0.001273004973662813     0.010508                 -64.51554220676275
0.0017871336178226322     0.0011355291429167       0.010508                 39.932827538448464
0.0017413603475733147     0.0011538743057817424    0.010508                 11.10713025766745
0.0016955870773239972     0.001172219468646785     0.010508                 -11.51129176936638
0.0016498138070746796     0.0011905646315118273    0.010508                 -27.922438542653936
0.0016040405368253617     0.0012089097943768696    0.010508                 -70.85049999385964
0.0017529689435547028     0.0010897791264957992    0.010508                 31.15869111638358
0.0017071956733053853     0.0011081242893608415    0.010508                 -3.1051029077220846
0.0016614224030560678     0.001126469452225884     0.010508                 -31.161621678080564
0.00161564913280675       0.0011448146150909264    0.010508                 -71.43581781619787
0.0017188042692867734     0.0010440291100748983    0.010508                 10.90339285825371
0.0016730309990374557     0.0010623742729399407    0.010508                 -28.79849790917615
0.001627257728788138      0.0010807194358049832    0.010508                 -66.27149567377884
0.0016846395950188438     9.982790936539975E-4     0.010508                 -20.83306723594228
0.0016388663247695263     0.0010166242565190398    0.010508                 -55.357533566600125
0.0016504749207509144     9.525290772330966E-4     0.010508                 -38.693931494664355
0.0016027397430862333     8.926809781859679E-4     0.010508                 12.999980902153537
0.0015911311471048452     9.567761574719111E-4     0.010508                 -9.621070072079107
0.001579522551123457      0.0010208713367578545    0.010508000000000002     -26.69745254702252
0.001567913955142069      0.0010849665160437977    0.010508                 -37.87686199678018
0.0015563053591606808     0.0011490616953297409    0.010508                 -43.15929842135182
0.0015446967631792927     0.001213156874615684     0.010508000000000002     -42.544761820736426
0.0015330881671979046     0.0012772520539016275    0.010508                 -36.03325219493536
0.0015214795712165164     0.0013413472331875707    0.010508                 11.030700278901932
0.0015433959694401641     8.969280584247823E-4     0.010508                 4.4925828510686445
0.001531787373458776      9.610232377107255E-4     0.010508                 -4.0319911880821735
0.0015201787774773879     0.001025118416996669     0.010508                 -6.779917574590513
0.0015085701814959997     0.0010892135962826122    0.010508                 -3.6308709359124123
0.0014969615855146116     0.0011533087755685554    0.010508                 5.4151487279518165
0.0014853529895332235     0.0012174039548544986    0.010508                 20.35814141700189
0.0014737443935518354     0.001281499134140442     0.010508                 66.8530613382702
0.001484052195794095      9.011751386635969E-4     0.010508                 -2.1593434967823724
0.0014724435998127068     9.652703179495401E-4     0.010508                 3.430062828864891
0.0014608350038313187     0.0010293654972354834    0.010508                 15.010592530792252
0.0014492264078499306     0.0010934606765214266    0.010508                 32.48809525790574
0.0014376178118685424     0.00115755585580737      0.010508                 55.86257101020544
0.0014260092158871543     0.001221651035093313     0.010508                 101.03464491438166
0.001424708422148026      9.054222189024114E-4     0.010508                 -6.9557981413991605
0.0014130998261666378     9.695173981883546E-4     0.010508                 12.765091978762598
0.0014014912301852497     0.001033612577474298     0.010508                 38.67407776912535
0.0013898826342038616     0.0010977077567602411    0.010508                 70.48003658467442
0.0013782740382224734     0.0011618029360461845    0.010508                 113.57545100723549
0.0013653646485019565     9.096692991412259E-4     0.010508                 -9.896781082782201
0.0013537560525205684     9.737644784271692E-4     0.010508                 23.973096261610664
0.0013421474565391803     0.0010378596577131124    0.010508                 64.21053814040857
0.0013305388605577922     0.0011019548369990556    0.010508                 104.47547961683193
0.0013060208748558876     9.139163793800405E-4     0.010508                 -10.982292320931013
0.0012944122788744994     9.780115586659837E-4     0.010508                 37.054075677409
0.0012828036828931113     0.001042106737951927     0.010508                 73.73473074317097
0.0012466771012098184     9.18163459618855E-4      0.010508                 -10.21233185584599
0.0012350685052284302     9.822586389047982E-4     0.010508                 21.353204386253324
0.0011873333275637492     9.224105398576694E-4     0.010508                 -11.410955384333075
0.0014999999999999998     4.999999999999999E-4     0.010507999999999998     16.54867446508112
0.0015624999999999999     4.999999999999999E-4     0.010507999999999998     3.289294801433545E-13
0.0015202604395915377     5.485542372433941E-4     0.010507999999999998     54.288733150767655
0.0015827604395915378     5.485542372433941E-4     0.010508                 24.798790428643425
0.001625                  4.999999999999999E-4     0.010508                 8.918094753961562E-13
0.0016452604395915378     5.485542372433941E-4     0.010508                 13.40939778543493
0.0016874999999999998     5.0E-4                   0.010508                 1.4074691269863936E-12
0.0017077604395915379     5.485542372433941E-4     0.010508                 2.020005142225718
0.0017499999999999998     5.0E-4                   0.010508                 1.486248757909773E-12
0.001770260439591538      5.485542372433941E-4     0.010508000000000002     -9.36938750098194
0.0018124999999999999     5.0E-4                   0.010508                 1.8202632671108918E-12
0.0018327604395915378     5.485542372433942E-4     0.010508000000000002     -20.75878014419077
0.001875                  5.000000000000001E-4     0.010508                 1.8628434381312044E-12
0.0018952604395915378     5.485542372433943E-4     0.010508000000000002     -32.14817278739941
0.0019375                 5.000000000000001E-4     0.010508000000000002     1.8231010545932935E-12
0.0015405208791830756     5.971084744867882E-4     0.010508                 75.87360790525247
0.0016030208791830754     5.971084744867882E-4     0.010508                 41.29413883579637
0.0016655208791830755     5.971084744867884E-4     0.010508                 18.515353549378833
0.0017280208791830756     5.971084744867884E-4     0.010508                 -4.263431737037827
0.0017905208791830756     5.971084744867884E-4     0.010508                 -27.042217023454977
0.0018530208791830757     5.971084744867885E-4     0.010508                 -49.82100230987262
0.0015607813187746133     6.456627117301825E-4     0.010507999999999998     89.57763596107873
0.0016232813187746133     6.456627117301825E-4     0.010508                 49.486045221460316
0.0016857813187746134     6.456627117301825E-4     0.010508                 15.317867291833974
0.0017482813187746134     6.456627117301826E-4     0.010508                 -18.850310637791043
0.0018107813187746135     6.456627117301826E-4     0.010508                 -53.018488567416554
0.0015810417583661512     6.942169489735767E-4     0.010508                 95.40081731824421
0.0016435417583661512     6.942169489735767E-4     0.010508                 49.374509585635735
0.0017060417583661513     6.942169489735767E-4     0.010508                 3.816939012801031
0.0017685417583661513     6.942169489735767E-4     0.010508                 -41.74063156003325
0.001601302197957689      7.427711862169708E-4     0.010508                 93.34315197675039
0.001663802197957689      7.427711862169708E-4     0.010508                 40.95953192832125
0.001726302197957689      7.427711862169708E-4     0.010508                 -15.987431287722265
0.0016215626375492267     7.91325423460365E-4      0.010507999999999998     83.40463993659637
0.0016840626375492268     7.91325423460365E-4      0.010508                 24.241112249519137
0.0016418230771407646     8.398796607037591E-4     0.010508                 65.58528119778265
0.0015824793034946954     8.441267409425736E-4     0.010508                 31.932189641974134
0.0015231355298486262     8.483738211813881E-4     0.010508000000000002     13.476784213586653
0.0014637917562025573     8.526209014202027E-4     0.010508                 -3.1406529412833786
0.0014044479825564879     8.568679816590172E-4     0.010508                 -17.92012182263574
0.0013451042089104189     8.611150618978317E-4     0.010508000000000002     -30.861622430470646
0.0012857604352643497     8.653621421366463E-4     0.010508                 -41.96515476478811
0.0012264166616182805     8.696092223754607E-4     0.010508                 -37.98650516902428
0.0015622188639031575     7.955725036991795E-4     0.010508                 43.758451531861795
0.0015028750902570886     7.99819583937994E-4      0.010507999999999998     15.123059572817679
0.0014435313166110192     8.040666641768086E-4     0.010507999999999998     -11.674364112708817
0.0013841875429649502     8.083137444156231E-4     0.010507999999999998     -36.63381952471753
0.001324843769318881      8.125608246544376E-4     0.010508                 -59.75530666320918
0.0012654999956728118     8.168079048932521E-4     0.010507999999999998     -73.65855549618313
0.00154195842431162       7.470182664557853E-4     0.010508                 48.12646204591849
0.0014826146506655507     7.512653466945998E-4     0.010508                 9.31108355621805
0.0014232708770194817     7.555124269334144E-4     0.010508                 -27.666326659964824
0.0013639271033734123     7.597595071722288E-4     0.010508                 -62.80576860263034
0.0013045833297273433     7.640065874110433E-4     0.010508                 -94.4489930063539
0.001521697984720082      6.984640292123912E-4     0.010508                 45.03622118414478
0.0014623542110740128     7.027111094512057E-4     0.010508                 -3.959143836212436
0.0014030104374279438     7.069581896900201E-4     0.010508                 -51.116540583051915
0.0013436666637818744     7.112052699288346E-4     0.010508                 -100.35781769953658
0.0015014375451285443     6.49909791968997E-4      0.010507999999999998     34.48772894654044
0.0014420937714824749     6.541568722078115E-4     0.010507999999999998     -24.68762260447301
0.001382749997836406      6.58403952446626E-4      0.010507999999999998     -91.38502957572993
0.0014811771055370064     6.013555547256027E-4     0.010508                 16.480985333105096
0.0014218333318909372     6.056026349644172E-4     0.010508                 -67.53062863493427
0.0014609166659454685     5.528013174822086E-4     0.010507999999999998     -28.794614877151226
9.999999999999998E-4      5.0E-4                   0.010508000000000002     -6.593239068303522
0.0010624999999999999     5.0E-4                   0.010508000000000002     -6.599411372430697E-13
0.0010234166659454686     5.528013174822087E-4     0.010508000000000002     20.125534145747018
0.0010859166659454684     5.528013174822087E-4     0.010508000000000002     23.44058592408708
0.0011249999999999997     5.0E-4                   0.010508                 -7.078065300037231E-13
0.0011484166659454685     5.528013174822086E-4     0.010508000000000002     11.43295158704892
0.0011874999999999998     5.0E-4                   0.010508                 -7.49507917842049E-13
0.0012109166659454685     5.528013174822086E-4     0.010508000000000002     -0.5746827499892413
0.0012499999999999998     5.0E-4                   0.010508                 -7.850453007580477E-13
0.0012734166659454683     5.528013174822086E-4     0.010508                 -12.582317087027175
0.0013124999999999999     5.0E-4                   0.010508                 -8.14418678751719E-13
0.0013359166659454684     5.528013174822086E-4     0.010508                 -24.589951424065564
0.001375                  4.999999999999999E-4     0.010508                 -8.376280518230629E-13
0.0013984166659454685     5.528013174822086E-4     0.010508                 -36.597585761103495
0.0014374999999999998     4.999999999999999E-4     0.010507999999999998     -8.546734199720794E-13
0.001046833331890937      6.056026349644174E-4     0.010508                 42.069638804577025
0.0011093333318909371     6.056026349644174E-4     0.010508                 37.88943884907624
0.0011718333318909372     6.056026349644174E-4     0.010508                 13.874170174999247
0.0012343333318909373     6.056026349644173E-4     0.010508                 -10.141098499076168
0.001296833331890937      6.056026349644173E-4     0.010508                 -34.15636717315204
0.0013593333318909372     6.056026349644173E-4     0.010508                 -58.17163584722881
0.0010702499978364058     6.58403952446626E-4      0.010508                 55.942455374034026
0.0011327499978364057     6.58403952446626E-4      0.010508                 43.34655877496682
0.0011952499978364057     6.58403952446626E-4      0.010508                 7.323655763852338
0.0012577499978364058     6.58403952446626E-4      0.010508                 -28.6992472472626
0.0013202499978364059     6.58403952446626E-4      0.010508                 -64.72215025837663
0.0010936666637818746     7.112052699288347E-4     0.010508                 61.74398385411813
0.0011561666637818744     7.112052699288347E-4     0.010508                 39.811945701757665
0.0012186666637818745     7.112052699288347E-4     0.010508                 -8.218591646394529
0.0012811666637818746     7.112052699288346E-4     0.010508                 -56.24912899454718
0.0011170833297273431     7.640065874110434E-4     0.010508                 59.4742242448291
0.0011795833297273432     7.640065874110434E-4     0.010508                 27.285599629450818
0.0012420833297273432     7.640065874110433E-4     0.010508                 -32.75257205573908
0.0011404999956728119     8.168079048932521E-4     0.010508                 49.13317654616718
0.0012029999956728117     8.168079048932521E-4     0.010508                 5.767520558044918
0.0011639166616182804     8.696092223754608E-4     0.010508                 30.72084075813202
8.124562499286834E-4      7.96766623198248E-4      0.010508                 -2.534612508649795
8.35899218687598E-4       7.596707952984669E-4     0.010508                 -21.01816021048174
8.593158846330666E-4      8.124721127806756E-4     0.010508                 -5.732718840637155
8.827588533919812E-4      7.753762848808946E-4     0.010508                 -17.258919182044636
8.593421874465124E-4      7.225749673986859E-4     0.010508                 -33.22262466919565
9.062018221508957E-4      7.382804569811137E-4     0.010508000000000002     -26.329481392165622
8.82785156205427E-4       6.85479139498905E-4      0.010508                 -40.82901518414635
9.296447909098102E-4      7.011846290813327E-4     0.010508000000000002     -30.30103423741098
9.062281249643416E-4      6.48383311599124E-4      0.010508                 -43.83733175533433
9.530877596687249E-4      6.640888011815516E-4     0.010508000000000002     -29.17357771777907
9.296710937232561E-4      6.11287483699343E-4      0.010508                 -42.247574382758806
9.765307284276394E-4      6.269929732817707E-4     0.010508000000000002     -22.94711183327148
9.531140624821706E-4      5.741916557995619E-4     0.010508                 -36.05974306642079
9.999736971865539E-4      5.898971453819897E-4     0.010508000000000002     -11.621636583889355
9.765570312410852E-4      5.37095827899781E-4      0.010508000000000002     -25.273837806319023
9.061755193374498E-4      8.281776023631032E-4     0.010508                 5.478453978159816
9.296184880963644E-4      7.910817744633224E-4     0.010508                 -3.3128892685333224
9.530614568552789E-4      7.539859465635413E-4     0.010508                 -8.401416127377468
9.765044256141934E-4      7.168901186637603E-4     0.010508                 -8.390933621347072
9.999473943731081E-4      6.797942907639794E-4     0.010508                 -3.281441750439974
0.0010233903631320226     6.426984628641983E-4     0.010508                 6.927059485342573
9.530351540418331E-4      8.438830919455311E-4     0.010508                 12.575911555172642
9.764781228007476E-4      8.067872640457501E-4     0.010508                 6.347358803008051
9.999210915596622E-4      7.69691436145969E-4      0.010508                 5.240867295438639
0.0010233640603185767     7.325956082461881E-4     0.010508                 9.233385152745358
0.0010468070290774911     6.954997803464071E-4     0.010508                 18.324912374929347
9.998947887462162E-4      8.595885815279587E-4     0.010508                 15.559653890401952
0.0010233377575051307     8.224927536281776E-4     0.010508                 11.721825032577605
0.0010467807262640454     7.853969257283968E-4     0.010508                 14.597368876284177
0.00107022369502296       7.483010978286157E-4     0.010508                 22.571922084866873
0.0010467544234505995     8.752940711103863E-4     0.010508                 14.429680983846655
0.0010701973922095142     8.381982432106054E-4     0.010508                 12.810509420175682
0.0010936403609684286     8.011024153108244E-4     0.010508                 19.668088615159256
0.0010936140581549827     8.909995606928142E-4     0.010508                 9.18599283550773
0.0011170570269138972     8.539037327930331E-4     0.010508                 9.613411965802504
0.001140473692859366      9.067050502752418E-4     0.010508                 -0.17141055461528465
0.0015092568355139406     0.001403568992217912     0.010508                 -23.185996357024926
0.0015006049919037909     0.0014659195756885745    0.010508                 -36.06661420790161
0.0014919531482936411     0.001528270159159237     0.010508                 -46.05735147477118
0.0014833013046834918     0.0015906207426298995    0.010508                 -51.400891751895955
0.001474649461073342      0.001652971326100562     0.010507999999999998     -52.097235039276846
0.0014659976174631923     0.0017153219095712244    0.010507999999999998     -48.146381336912015
0.0014573457738530427     0.001777672493041887     0.010508                 -39.548330644803315
0.001448693930242893      0.0018400230765125496    0.010507999999999998     18.108582784947952
0.0014492989221466836     0.0014059426522011246    0.010508                 -24.049808246715696
0.0014406470785365338     0.0014682932356717868    0.010508                 -23.20809238569816
0.0014319952349263845     0.0015306438191424496    0.010508                 -18.921852099151625
0.0014233433913162347     0.001592994402613112     0.010508                 -9.988414822859372
0.001414691547706085      0.0016553449860837745    0.010508                 3.5922194431767673
0.0014060397040959352     0.001717695569554437     0.010508                 21.820050698958163
0.0013973878604857859     0.0017800461530250995    0.010508                 73.75648490024108
0.0013893410087794267     0.001408316312184337     0.010508                 -23.8215300822515
0.0013806891651692772     0.0014706668956549996    0.010508                 -9.269268880199629
0.0013720373215591274     0.0015330174791256621    0.010507999999999998     9.29394895976394
0.0013633854779489779     0.0015953680625963246    0.010508                 32.50436378947231
0.001354733634338828      0.001657718646066987     0.010507999999999998     60.361975608925015
0.0013460817907286783     0.0017200692295376496    0.010507999999999998     106.87985569379074
0.0013293830954121699     0.0014106899721675495    0.010508                 -22.5011618636322
0.0013207312518020203     0.0014730405556382122    0.010508                 5.749856308593314
0.0013120794081918706     0.0015353911391088745    0.010508                 38.59005170197322
0.001303427564581721      0.001597741722579537     0.010508                 76.07744408509771
0.0012947757209715713     0.0016600923060501997    0.010508                 117.47869516559811
0.0012694251820449132     0.001413063632150762     0.010508                 -20.08870359085789
0.0012607733384347635     0.0014754142156214246    0.010508                 21.849283180681347
0.0012521214948246137     0.001537764799092087     0.010508                 68.96645612747758
0.0012434696512144642     0.0016001153825627495    0.010508                 105.55300331566272
0.0012094672686776562     0.0014154372921339744    0.010508                 -16.584155263928476
0.0012008154250675064     0.001477787875604637     0.010508                 39.02901173606401
0.0011921635814573569     0.0015401384590752996    0.010507999999999998     71.10278014398456
0.0011495093553103993     0.001417810952117187     0.010508                 -11.987516882844103
0.0011408575117002496     0.0014801615355878495    0.010508                 14.128025650562972
0.0010895514419431425     0.0014201846121003996    0.010508                 -19.29796638679632
0.0011017741776457183     0.0013579628530700583    0.010508                 -32.71684389459081
0.001161732091012975      0.0013555891930868457    0.010508                 -27.066998362516827
0.001113996913348294      0.001295741094039717     0.010508                 -48.57528559770352
0.001173954826715551      0.0012933674340565044    0.010508000000000002     -38.24020923778957
0.00112621964905087       0.001233519335009376     0.010508                 -59.23808912042815
0.001186177562418127      0.0012311456750261633    0.010508                 -43.75977730236292
0.0011384423847534458     0.0011712975759790344    0.010508                 -64.70525446276565
0.0011984002981207027     0.0011689239159958218    0.010508                 -43.62570255623527
0.0011506651204560216     0.0011090758169486933    0.010508                 -64.97678162471513
0.0012106230338232787     0.0011067021569654808    0.010508000000000002     -37.83798499940835
0.0011628878561585976     0.001046854057918352     0.010508                 -60.05267060627735
0.0012228457695258545     0.0010444803979351395    0.010508                 -26.39662463188054
0.0011751105918611734     9.846322988880107E-4     0.010508                 -49.932921407451786
0.0012216900043802322     0.0013532155331036333    0.010508                 -17.701166347677145
0.001233912740082808      0.0012909937740732918    0.010508                 -14.298321131202215
0.0012461354757853837     0.0012287720150429508    0.010508                 -5.241833104027222
0.0012583582114879595     0.0011665502560126095    0.010508                 9.468297733848118
0.0012705809471905355     0.0011043284969822682    0.010508                 29.83207138242375
0.001281647917747489      0.0013508418731204208    0.010508                 -7.231455907822053
0.0012938706534500648     0.0012886201140900795    0.010508                 10.747445400400949
0.0013060933891526406     0.0012263983550597382    0.010508                 34.37998951932394
0.0013183161248552164     0.0011641765960293971    0.010508                 63.666176448947084
0.0013416058311147457     0.0013484682131372082    0.010508                 4.342132957048534
0.0013538285668173217     0.001286246454106867     0.010508                 36.89709035701924
0.0013660513025198977     0.0012240246950765256    0.010508                 75.10569056769057
0.0014015637444820027     0.0013460945531539956    0.010508                 17.01960024693446
0.0014137864801845785     0.0012838727941236543    0.010508                 64.15061373865313
0.0014615216578492596     0.0013437208931707833    0.010508                 30.800945961835765
0.001                     0.0018999999999999996    0.010508                 -20.67335975644107
0.0010111939302428928     0.0018400230765125496    0.010508                 -48.41153564555436
0.0010625                 0.0018999999999999996    0.010508                 -3.8730275162505785E-14
0.0010736939302428928     0.0018400230765125494    0.010508                 -20.79904583185125
0.0010223878604857855     0.0017800461530250995    0.010508                 -61.56480346566421
0.0010848878604857856     0.0017800461530250995    0.010508000000000002     -36.047599751829
0.0010335817907286785     0.0017200692295376496    0.010508                 -70.46984309498899
0.0010960817907286783     0.0017200692295376496    0.010508                 -45.74566175993323
0.0010447757209715712     0.0016600923060501997    0.010508                 -75.12665453352923
0.0011072757209715713     0.0016600923060501995    0.010508                 -49.893231856163595
0.0010559696512144642     0.0016001153825627495    0.010508                 -75.53523778128536
0.001118469651214464      0.0016001153825627495    0.010508000000000002     -48.490310040520896
0.001067163581457357      0.0015401384590752996    0.010508                 -71.69559283825645
0.0011296635814573568     0.0015401384590752994    0.010508                 -41.53689631300447
0.0010783575117002497     0.0014801615355878495    0.010508                 -63.6077197044433
0.0011250000000000001     0.0018999999999999996    0.010507999999999998     -1.6436682545808905E-13
0.0011361939302428929     0.0018400230765125496    0.010508                 -6.912496771068702
0.0011473878604857856     0.0017800461530250997    0.010507999999999998     -8.274501630263574
0.0011585817907286784     0.0017200692295376496    0.010507999999999998     -4.086014577585034
0.0011697757209715711     0.0016600923060501997    0.010507999999999998     5.652964386967142
0.0011809696512144641     0.0016001153825627495    0.010508                 20.94243526339285
0.0011875000000000002     0.0018999999999999996    0.010508                 -2.7855381001656595E-13
0.001198693930242893      0.0018400230765125496    0.010508                 6.974052289713989
0.0012098878604857857     0.0017800461530250995    0.010508                 19.49859649130186
0.0012210817907286784     0.0017200692295376496    0.010508                 37.573632604763304
0.0012322757209715712     0.0016600923060501997    0.010508                 61.199160630098426
0.00125                   0.0018999999999999996    0.010508                 -3.8129122883792517E-13
0.0012611939302428928     0.0018400230765125494    0.010508                 20.86060135049671
0.0012723878604857857     0.0017800461530250995    0.010508                 47.27169461286721
0.0012835817907286785     0.0017200692295376496    0.010508                 79.23327978711151
0.0013124999999999999     0.0018999999999999996    0.010507999999999998     -4.725790819221861E-13
0.0013236939302428928     0.0018400230765125496    0.010507999999999998     34.74715041127947
0.0013348878604857856     0.0017800461530250995    0.010507999999999998     75.04479273443279
0.0013750000000000001     0.0018999999999999996    0.010508                 -5.52417369269339E-13
0.0013861939302428929     0.0018400230765125494    0.010508                 48.633699472062034
0.0014375                 0.0018999999999999996    0.010507999999999998     -6.208060908793792E-13
8.328618602814163E-4      0.001072378110178123     0.010508                 5.064215013288878
8.303111589873246E-4      0.0010379266743056387    0.010508                 10.073141838645626
8.771707936917079E-4      0.0010536321638880664    0.010508                 6.442795935657884
8.746200923976162E-4      0.001019180728015582     0.010508                 10.582219641152136
8.27760457693233E-4       0.0010034752384331543    0.010508                 9.043640941219508
8.720693911035246E-4      9.847292921430976E-4     0.010508000000000002     8.935227582536243
8.252097563991414E-4      9.690238025606699E-4     0.010508                 7.55417763226518
8.69518689809433E-4       9.502778562706131E-4     0.010508                 6.683145033007804
8.226590551050498E-4      9.345723666881855E-4     0.010508                 5.604751911782785
8.669679885153414E-4      9.158264203981288E-4     0.010508                 3.825971992567588
8.201083538109582E-4      9.001209308157011E-4     0.010508                 3.195363779771924
8.644172872212499E-4      8.813749845256445E-4     0.010508000000000002     0.363708461215424
8.175576525168666E-4      8.656694949432167E-4     0.010508                 0.32601323623293865
8.618665859271582E-4      8.4692354865316E-4       0.010508                 -3.7036455610492567
8.15006951222775E-4       8.312180590707324E-4     0.010508                 -3.00329971883437
9.214797271019995E-4      0.0010348862175980095    0.010508                 -6.378790988838162
9.189290258079079E-4      0.0010004347817255254    0.010508                 -0.9119548782314411
9.163783245138162E-4      9.659833458530408E-4     0.010508                 1.297069279465461
9.138276232197246E-4      9.315319099805564E-4     0.010508                 2.9010029462501734
9.11276921925633E-4       8.97080474108072E-4      0.010508                 3.899846122122881
9.087262206315415E-4      8.626290382355878E-4     0.010508                 4.293598807083413
9.657886605122911E-4      0.0010161402713079531    0.010508                 -14.669743992103832
9.632379592181995E-4      9.816888354354687E-4     0.010508                 -8.030655115673333
9.606872579241079E-4      9.472373995629842E-4     0.010508                 -1.965614741663785
9.581365566300162E-4      9.127859636904998E-4     0.010508                 3.4943351414340214
9.555858553359246E-4      8.783345278180155E-4     0.010508                 8.349194533619425
0.0010100975939225827     9.973943250178962E-4     0.010508                 -18.430063074139042
0.001007546892628491      9.629428891454119E-4     0.010508                 -10.773881071174294
0.0010049961913343995     9.284914532729275E-4     0.010508                 -0.8528244808516661
0.0010024454900403078     8.940400174004431E-4     0.010508                 8.463141618558666
0.0010544065273328743     9.786483787278394E-4     0.010508                 -17.659748234942896
0.0010518558260387827     9.441969428553551E-4     0.010508                 -9.141632744733947
0.001049305124744691      9.097455069828707E-4     0.010508                 4.635440061901363
0.001098715460743166      9.59902432437783E-4      0.010508                 -12.358799474516289
0.0010961647594490743     9.254509965652986E-4     0.010508                 -3.133910136352256
0.0011430243941534576     9.411564861477262E-4     0.010508                 -2.5272167928591074
8.649480579891321E-4      0.0011158539229184075    0.010508                 26.804955134668404
9.092569913994237E-4      0.0010971079766283508    0.010508                 19.45173245153677
9.535659248097153E-4      0.0010783620303382942    0.010508000000000002     5.3543046048235965
9.97874858220007E-4       0.0010596160840482375    0.010508                 -4.057329681369197
0.0010421837916302986     0.001040870137758181     0.010508                 -8.783170407041553
0.0010864927250405902     0.001022124191468124     0.010508000000000002     -8.823217572193812
0.0011308016584508818     0.0010033782451780676    0.010508                 -4.177471176825975
8.970342556968478E-4      0.0011593297356586921    0.010508                 42.78024832788229
9.413431891071394E-4      0.0011405837893686355    0.010508                 30.084944763335102
9.856521225174312E-4      0.0011218378430785788    0.010508                 12.183072183205809
0.0010299610559277228     0.001103091896788522     0.010508                 -1.033006836403274
0.0010742699893380144     0.0010843459504984653    0.010508                 -9.563292295492602
0.001118578922748306      0.0010656000042084087    0.010508                 -13.407784194060923
9.291204534045635E-4      0.0012028055483989768    0.010508                 52.13861295823421
9.734293868148552E-4      0.00118405960210892      0.010508                 33.16110759785613
0.0010177383202251468     0.0011653136558188633    0.010508                 11.454790284310093
0.0010620472536354384     0.0011465677095288066    0.010508                 -5.565733468715507
0.00110635618704573       0.00112782176323875      0.010508                 -17.900463661221238
9.612066511122794E-4      0.0012462813611392614    0.010508                 54.880049025723466
0.001005515584522571      0.0012275354148492046    0.010508                 28.680220955098775
0.0010498245179328626     0.001208789468559148     0.010508                 3.1694589081364484
0.0010941334513431542     0.0011900435222690913    0.010508                 -17.655509578305555
9.932928488199952E-4      0.0012897571738795458    0.010508                 51.004556530351415
0.0010376017822302868     0.0012710112275894892    0.010508                 16.6422848350644
0.0010819107156405784     0.0012522652812994323    0.010508                 -12.67292194531501
0.0010253790465277108     0.0013332329866198305    0.010508                 40.51213547211704
0.0010696879799380024     0.0013144870403297738    0.010508                 -2.952700762249833
0.0010574652442354266     0.001376708799360115     0.010508                 23.402785851019587
7.912541277462393E-4      0.0011174975130725244    0.010508                 -17.151431367605337
8.233403254539551E-4      0.0011609733258128088    0.010508                 -3.868360834857704
8.554265231616707E-4      0.0012044491385530935    0.010508000000000002     13.154234524443538
8.875127208693866E-4      0.0012479249512933781    0.010508                 24.500022235298374
9.195989185771024E-4      0.0012914007640336626    0.010508                 30.169002297706584
9.516851162848182E-4      0.0013348765767739472    0.010508000000000002     30.16117471166858
9.837713139925338E-4      0.0013783523895142316    0.010508                 24.47653947718399
0.0010158575117002497     0.0014218282022545163    0.010508                 13.357575242471505
7.496463952110622E-4      0.0011626169159669256    0.010508                 -24.75240299673062
7.81732592918778E-4       0.0012060927287072102    0.010508                 -18.015278942661794
8.138187906264938E-4      0.0012495685414474949    0.010508                 -1.4830175652719646
8.459049883342095E-4      0.0012930443541877793    0.010508                 9.372436163670962
8.779911860419253E-4      0.001336520166928064     0.010508                 14.551082244167574
9.100773837496411E-4      0.0013799959796683484    0.010508                 14.05292067621799
9.421635814573569E-4      0.001423471792408633     0.010508                 7.991034016400432
7.080386626758851E-4      0.001207736318861327     0.010508                 -28.905181346835356
7.401248603836009E-4      0.0012512121316016114    0.010508                 -27.065797912845227
7.722110580913168E-4      0.001294687944341896     0.010508                 -11.02387051736735
8.042972557990324E-4      0.0013381637570821807    0.010508                 -0.6587507703360487
8.363834535067482E-4      0.0013816395698224653    0.010508                 4.029561328248928
8.68469651214464E-4       0.0014251153825627497    0.010508                 3.040501337089442
6.664309301407081E-4      0.0012528557217557283    0.010508                 -29.609766417919396
6.98517127848424E-4       0.0012963315344960127    0.010508                 -31.01991774540833
7.306033255561397E-4      0.0013398073472362974    0.010508                 -15.468324331842258
7.626895232638554E-4      0.0013832831599765818    0.010508                 -5.593538566722508
7.947757209715712E-4      0.0014267589727168664    0.010508                 -1.4940227954615182
6.248231976055312E-4      0.0012979751246501295    0.010508                 -26.866158209982736
6.569093953132469E-4      0.001341450937390414     0.010508                 -29.877638440351195
6.889955930209626E-4      0.0013849267501306987    0.010508                 -14.816379008696739
7.210817907286784E-4      0.0014284025628709832    0.010508                 -5.612538381252023
5.832154650703541E-4      0.0013430945275445308    0.010508                 -20.674356723025408
6.153016627780698E-4      0.0013865703402848152    0.010508                 -23.638959997673844
6.473878604857856E-4      0.0014300461530250999    0.010508                 -9.31504542028253
5.41607732535177E-4       0.001388213930438932     0.010508                 -11.034361957047476
5.736939302428928E-4      0.0014316897431792166    0.010508                 -12.601543912552913
5.0E-4                    0.0014333333333333333    0.010508                 -21.23299995760234
0.001004663581457357      0.0014818051257419662    0.010508                 1.0137876198448907
9.934696512144642E-4      0.0015417820492294163    0.010508000000000002     -8.626514181304081
9.822757209715712E-4      0.0016017589727168663    0.010508                 -15.3208515127574
9.710817907286784E-4      0.0016617358962043164    0.010508                 -19.069224374514917
9.598878604857857E-4      0.0017217128196917663    0.010508000000000002     -19.871632766576468
9.486939302428929E-4      0.0017816897431792162    0.010508                 -17.72807668894312
9.375E-4                  0.0018416666666666664    0.010508                 6.556307624446827
9.309696512144641E-4      0.001483448715896083     0.010508                 3.4359381900049826
9.197757209715712E-4      0.001543425639383533     0.010508                 1.7137242767269
9.085817907286785E-4      0.001603402562870983     0.010508                 2.9374748331443072
8.973878604857856E-4      0.0016633794863584331    0.010508                 7.107189859257581
8.861939302428928E-4      0.001723356409845883     0.010508                 14.22286935506645
8.75E-4                   0.001783333333333333     0.010508                 32.90692043922017
8.572757209715713E-4      0.0014850923060501999    0.010508                 6.289846400688116
8.460817907286783E-4      0.0015450692295376498    0.010508                 12.485720375280664
8.348878604857856E-4      0.0016050461530250997    0.010508                 21.62755881956896
8.236939302428928E-4      0.0016650230765125498    0.010508                 33.71536173355296
8.125000000000001E-4      0.0017249999999999998    0.010508                 48.04179880965985
7.835817907286785E-4      0.0014867358962043164    0.010508                 9.575512251894132
7.723878604857856E-4      0.0015467128196917665    0.010508                 23.689474114357516
7.611939302428928E-4      0.0016066897431792164    0.010508                 40.74940044651646
7.5E-4                    0.0016666666666666666    0.010508                 51.96094273576506
7.098878604857857E-4      0.0014883794863584333    0.010508                 13.292935743623062
6.986939302428928E-4      0.0015483564098458832    0.010508                 35.32498549395713
6.875E-4                  0.0016083333333333331    0.010508                 44.6643522175362
6.361939302428929E-4      0.0014900230765125498    0.010508                 17.442116875875012
6.25E-4                   0.00155                  0.010508                 26.152027254973046
5.625000000000001E-4      0.0014916666666666665    0.010508                 -3.5760321519240854
5.0E-4                    9.666666666666669E-4     0.010508                 -1.6784572247051415
5.41607732535177E-4       9.79880597105599E-4      0.010508                 -5.452196728227587
5.0E-4                    0.0010250000000000003    0.010508                 -6.056347337929367
5.41607732535177E-4       0.0010382139304389321    0.010508                 -3.9962391790782235
5.832154650703541E-4      9.93094527544531E-4      0.010508                 -2.8835409521061237
5.832154650703542E-4      0.0010514278608778642    0.010508000000000002     -2.7027742900667278
6.248231976055312E-4      0.0010063084579834628    0.010508                 -1.2556224456626026
6.248231976055312E-4      0.0010646417913167962    0.010508                 -2.1759526708951213
6.664309301407081E-4      0.001019522388422395     0.010508                 -0.568441208897255
6.664309301407081E-4      0.0010778557217557283    0.010508                 -2.415774321562992
7.080386626758851E-4      0.001032736318861327     0.010508                 -0.8219972418097896
7.080386626758851E-4      0.0010910696521946603    0.010508000000000002     -3.422239242070745
7.496463952110622E-4      0.001045950249300259     0.010508                 -2.0162905444005403
7.496463952110623E-4      0.0011042835826335922    0.010508                 -5.195347432418046
7.912541277462393E-4      0.001059164179739191     0.010508                 -4.151321116669546
5.0E-4                    0.0010833333333333335    0.010508                 0.7301238387382938
5.41607732535177E-4       0.0010965472637722655    0.010508                 0.9783017027205005
5.832154650703541E-4      0.0011097611942111976    0.010508                 0.45983629686311644
6.24823197605531E-4       0.0011229751246501296    0.010508                 -0.8252723788341711
6.664309301407081E-4      0.0011361890550890615    0.010508                 -2.877024324370865
7.080386626758852E-4      0.0011494029855279937    0.010508                 -5.695419539747462
5.0E-4                    0.0011416666666666667    0.010508                 6.459365115928875
5.41607732535177E-4       0.001154880597105599     0.010508                 4.895612685042039
5.832154650703541E-4      0.0011680945275445308    0.010508                 2.5652169843158106
6.248231976055312E-4      0.0011813084579834628    0.010508                 -0.5318219862501223
6.664309301407081E-4      0.0011945223884223949    0.010508                 -4.395504226655788
5.0E-4                    0.0012000000000000001    0.010508                 11.131376493642335
5.41607732535177E-4       0.0012132139304389322    0.010508                 7.755693767886754
5.832154650703541E-4      0.0012264278608778642    0.010508                 3.6133677722916957
6.248231976055312E-4      0.001239641791316796     0.010508                 -1.2956014931432946
5.0E-4                    0.0012583333333333335    0.010508                 14.74615797187883
5.41607732535177E-4       0.0012715472637722654    0.010508                 9.558544951254419
5.832154650703541E-4      0.0012847611942111974    0.010508                 3.6042886607903597
5.0E-4                    0.0013166666666666667    0.010508                 17.303709550638146
5.41607732535177E-4       0.0013298805971055988    0.010508                 10.304166235144834
5.0E-4                    0.001375                 0.010508                 18.804031229920298
7.887034264521477E-4      0.0010247127438667066    0.010508                 -3.1621885132836383
7.470956939169706E-4      0.0010114988134277746    0.010508000000000002     -1.133623530897978
7.054879613817935E-4      9.982848829888425E-4     0.010508                 -0.21988981802883245
6.638802288466165E-4      9.850709525499105E-4     0.010508                 -0.4209873746758035
6.222724963114395E-4      9.718570221109785E-4     0.010508000000000002     -1.7369162008395165
5.806647637762624E-4      9.586430916720466E-4     0.010508                 -4.167676296519602
5.390570312410855E-4      9.454291612331146E-4     0.010508                 0.39794306103537735
7.86152725158056E-4       9.902613079942222E-4     0.010508                 -1.2318570300404872
7.445449926228789E-4      9.770473775552902E-4     0.010508                 -0.7169670444885696
7.029372600877019E-4      9.638334471163581E-4     0.010508                 -1.3169083284532235
6.613295275525249E-4      9.506195166774263E-4     0.010508                 -3.031680881934051
6.197217950173479E-4      9.374055862384943E-4     0.010508                 -5.861284704931393
5.781140624821708E-4      9.241916557995622E-4     0.010508                 -2.2753822645677815
7.836020238639644E-4      9.558098721217378E-4     0.010508                 0.3836401210580789
7.419942913287874E-4      9.425959416828058E-4     0.010508                 -0.6151448902236325
7.003865587936103E-4      9.293820112438738E-4     0.010508                 -2.7287611710219153
6.587788262584333E-4      9.161680808049418E-4     0.010508                 -5.957208721336485
6.171710937232563E-4      9.029541503660098E-4     0.010508                 -3.5876376068301568
7.810513225698728E-4      9.213584362492535E-4     0.010508                 1.6843029400125715
7.394435900346958E-4      9.081445058103215E-4     0.010508                 -0.8281570681029962
6.978358574995187E-4      8.949305753713895E-4     0.010508                 -4.455448345734908
6.562281249643416E-4      8.817166449324574E-4     0.010508                 -3.5388229657516206
7.785006212757811E-4      8.869070003767691E-4     0.010508                 2.6701314268226497
7.368928887406042E-4      8.736930699378371E-4     0.010508                 -1.3560035781267743
6.952851562054272E-4      8.604791394989051E-4     0.010508                 -2.128938341332315
7.759499199816895E-4      8.524555645042847E-4     0.010508                 3.3411255814882566
7.343421874465125E-4      8.392416340653526E-4     0.010508                 0.6420162664277314
7.733992186875979E-4      8.180041286318003E-4     0.010508                 4.774040857528902
5.0E-4                    0.0019                   0.010508                 0
5.0E-4                    0.0018416666666666666    0.010508                 -13.73976527937584
5.625000000000001E-4      0.0018999999999999998    0.010508                 -3.459574376831987E-13
5.625000000000001E-4      0.0018416666666666666    0.010508                 -8.098202897964168
5.0E-4                    0.0017833333333333334    0.010508                 -26.169421019073177
5.625000000000001E-4      0.0017833333333333332    0.010508000000000002     -14.886296256249487
5.0E-4                    0.001725                 0.010508                 -37.28896721909201
5.625000000000001E-4      0.001725                 0.010508                 -20.364280074856104
5.0E-4                    0.0016666666666666666    0.010508                 -47.098403879432325
5.625000000000001E-4      0.0016666666666666666    0.010508                 -24.53215435378461
5.0E-4                    0.0016083333333333334    0.010508                 -55.59773100009398
5.625000000000001E-4      0.0016083333333333331    0.010508000000000002     -27.389919093034216
5.0E-4                    0.00155                  0.010508                 -62.786948581077176
5.625000000000001E-4      0.00155                  0.010508                 -28.937574292605362
5.0E-4                    0.0014916666666666667    0.010508                 -68.66605662238204
6.25E-4                   0.0019                   0.010508                 -6.814292853261583E-13
6.25E-4                   0.0018416666666666666    0.010508                 -2.4566405165524947
6.25E-4                   0.0017833333333333332    0.010508                 -3.6031714934257417
6.25E-4                   0.001725                 0.010508                 -3.4395929306204973
6.25E-4                   0.0016666666666666666    0.010508                 -1.9659048281367024
6.25E-4                   0.0016083333333333334    0.010508                 0.8178928140255799
6.875E-4                  0.0018999999999999998    0.010508                 -1.0064155429288788E-12
6.875E-4                  0.0018416666666666666    0.010508                 3.1849218648592355
6.875E-4                  0.0017833333333333332    0.010508                 7.6799532693980135
6.875E-4                  0.0017249999999999998    0.010508                 13.485094213615337
6.875E-4                  0.0016666666666666666    0.010508                 20.600344697511172
7.5E-4                    0.0018999999999999998    0.010508                 -1.3209162104913605E-12
7.5E-4                    0.0018416666666666664    0.010508                 8.826484246270953
7.5E-4                    0.001783333333333333     0.010508                 18.96307803222178
7.5E-4                    0.0017249999999999998    0.010508                 30.4097813578511
8.125000000000001E-4      0.0018999999999999998    0.010508                 -1.6249312880136032E-12
8.125000000000001E-4      0.0018416666666666664    0.010508                 14.468046627682684
8.125000000000001E-4      0.001783333333333333     0.010508                 30.246202795045555
8.75E-4                   0.0018999999999999996    0.010508                 -1.9184607754956067E-12
8.75E-4                   0.0018416666666666664    0.010508                 20.10960900909443
9.375E-4                  0.0018999999999999998    0.010508                 -2.2015046729373716E-12
0.0020625                 5.000000000000001E-4     0.010508000000000002     6.123373028698856E-15
0.0020796564879067858     5.581269128531722E-4     0.010508000000000002     10.624273144155495
0.002125                  5.000000000000001E-4     0.010508                 -7.608539965628394E-14
0.002142156487906786      5.581269128531722E-4     0.010508000000000002     4.4372766108861015
0.0021875                 5.0E-4                   0.010508                 -3.4615700035816E-13
0.002204656487906786      5.581269128531722E-4     0.010508000000000002     -1.7497199223831785
0.0022500000000000003     5.0E-4                   0.010508                 -5.2262500737174E-13
0.002267156487906786      5.581269128531722E-4     0.010508000000000002     -7.9367164556524585
0.0023125000000000003     5.0E-4                   0.010508                 -7.904216899159211E-13
0.002329656487906786      5.581269128531722E-4     0.010508000000000002     -14.12371298892208
0.002375                  5.0E-4                   0.010508                 -8.668615581789376E-13
0.002392156487906786      5.581269128531721E-4     0.010508                 -20.310709522191473
0.0024375000000000004     5.0E-4                   0.010508                 -1.2550134239172128E-12
0.002454656487906786      5.581269128531721E-4     0.010508                 -10.570296485861121
0.0025                    5.0E-4                   0.010508                 12.667125963206344
0.0020968129758135714     6.162538257063443E-4     0.010508                 17.087445100771674
0.0021593129758135715     6.162538257063443E-4     0.010508                 4.713452034233114
0.0022218129758135715     6.162538257063443E-4     0.010508                 -7.660541032305446
0.0022843129758135716     6.162538257063443E-4     0.010508                 -20.034534098844233
0.0023468129758135716     6.162538257063443E-4     0.010508                 -32.408527165382566
0.0024093129758135713     6.162538257063443E-4     0.010508                 -27.525405174979824
0.0021139694637203575     6.743807385595165E-4     0.010508                 19.389515869847855
0.002176469463720357      6.743807385595165E-4     0.010508                 0.8285262700405838
0.002238969463720357      6.743807385595165E-4     0.010508                 -17.732463329767825
0.0023014694637203572     6.743807385595164E-4     0.010508                 -36.293452929575324
0.0023639694637203573     6.743807385595164E-4     0.010508                 -38.19820010414901
0.0021311259516271427     7.325076514126886E-4     0.010508                 17.530485451385175
0.002193625951627143      7.325076514126886E-4     0.010508                 -7.2175006816917175
0.002256125951627143      7.325076514126886E-4     0.010508                 -31.96548681476861
0.002318625951627143      7.325076514126886E-4     0.010508                 -42.58868127336996
0.002148282439533929      7.906345642658607E-4     0.010508                 11.510353845382724
0.0022107824395339285     7.906345642658607E-4     0.010508                 -19.424628820963562
0.0022732824395339285     7.906345642658607E-4     0.010508                 -40.69684868264153
0.0021654389274407145     8.487614771190328E-4     0.010508                 1.329121051840957
0.0022279389274407146     8.487614771190328E-4     0.010508                 -32.52270233196427
0.0021825954153475        9.068883899722049E-4     0.010508                 -18.066242221338484
0.0024999999999999996     9.083333333333333E-4     0.010507999999999998     23.740412635039775
0.0024546564879067852     9.081269128531722E-4     0.010507999999999998     17.09653536432421
0.002409312975813571      9.079204923730111E-4     0.010507999999999998     10.435870319634006
0.002363969463720357      9.077140718928497E-4     0.010507999999999998     3.7584175009693226
0.0023186259516271425     9.075076514126887E-4     0.010507999999999998     -2.9358230916699597
0.0022732824395339285     9.073012309325273E-4     0.010508                 -9.64685145828409
0.002227938927440714      9.070948104523662E-4     0.010507999999999998     -16.374667598872463
0.0024999999999999996     8.5E-4                   0.010507999999999997     25.098943115950476
0.0024546564879067852     8.497935795198389E-4     0.010507999999999997     16.082330945536114
0.0024093129758135713     8.495871590396776E-4     0.010508                 7.048931001147309
0.0023639694637203573     8.493807385595164E-4     0.010508                 -2.001256717215991
0.002318625951627143      8.491743180793552E-4     0.010508                 -11.068232209554196
0.0022732824395339285     8.48967897599194E-4      0.010508                 -20.15199547586684
0.0024999999999999996     7.916666666666666E-4     0.010507999999999997     26.08052721233753
0.0024546564879067857     7.914602461865055E-4     0.010507999999999998     14.691180142224596
0.0024093129758135713     7.912538257063442E-4     0.010507999999999998     3.285045298136879
0.002363969463720357      7.910474052261831E-4     0.010507999999999998     -8.137877319925352
0.002318625951627143      7.908409847460218E-4     0.010508                 -19.577587711962224
0.0024999999999999996     7.333333333333333E-4     0.010507999999999998     26.68516492420042
0.0024546564879067857     7.331269128531721E-4     0.010507999999999998     12.92308295438886
0.0024093129758135717     7.329204923730109E-4     0.010508                 -0.8557867893975768
0.002363969463720357      7.327140718928497E-4     0.010508                 -14.6514443071585
0.0025                    6.75E-4                  0.010508                 26.912856251539665
0.0024546564879067857     6.747935795198388E-4     0.010508                 10.77803938202922
0.0024093129758135717     6.745871590396776E-4     0.010508                 -5.373565261455838
0.0024999999999999996     6.166666666666666E-4     0.010507999999999998     26.763601194355033
0.0024546564879067857     6.164602461865055E-4     0.010507999999999998     8.25604942514574
0.0025                    5.583333333333333E-4     0.010508                 26.237399752646525
7.733992186875979E-4      7.596707952984669E-4     0.010508                 18.764704332540312
7.343421874465125E-4      7.809083007320192E-4     0.010508                 9.58539054465193
6.952851562054272E-4      8.021458061655718E-4     0.010508000000000002     6.77217140647906
6.562281249643416E-4      8.233833115991241E-4     0.010508                 5.083407842980989
6.171710937232563E-4      8.446208170326765E-4     0.010508                 4.519099854158014
5.781140624821709E-4      8.658583224662288E-4     0.010508000000000002     5.079247440009851
5.390570312410854E-4      8.870958278997811E-4     0.010508                 6.763850600536557
5.0E-4                    9.083333333333335E-4     0.010508                 9.572909335738103
7.343421874465125E-4      7.225749673986859E-4     0.010508                 25.149981106134366
6.952851562054271E-4      7.438124728322384E-4     0.010508                 11.444326459726831
6.562281249643417E-4      7.650499782657907E-4     0.010508                 8.185967541278359
6.171710937232563E-4      7.86287483699343E-4      0.010508                 6.052064197504819
5.781140624821708E-4      8.075249891328955E-4     0.010508                 5.042616428406291
5.390570312410854E-4      8.287624945664478E-4     0.010508                 5.157624233982688
5.0E-4                    8.500000000000002E-4     0.010508                 6.39708761423401
6.952851562054272E-4      6.85479139498905E-4      0.010508                 28.2814361402153
6.562281249643416E-4      7.067166449324573E-4     0.010508                 11.427604056271853
6.171710937232563E-4      7.279541503660096E-4     0.010508                 7.724105357548069
5.781140624821709E-4      7.49191655799562E-4      0.010508                 5.145062233499118
5.390570312410854E-4      7.704291612331145E-4     0.010508                 3.6904746841252063
5.0E-4                    7.916666666666669E-4     0.010508                 3.360342709425993
6.562281249643416E-4      6.48383311599124E-4      0.010508                 28.159069434782236
6.171710937232563E-4      6.696208170326763E-4     0.010508                 9.535223334287558
5.781140624821708E-4      6.908583224662288E-4     0.010508                 5.386584855288277
5.390570312410854E-4      7.120958278997811E-4     0.010508                 2.3624019509639425
5.0E-4                    7.333333333333334E-4     0.010508                 0.46267462131442016
6.171710937232563E-4      6.11287483699343E-4      0.010508                 24.782880989835853
5.781140624821709E-4      6.325249891328954E-4     0.010508                 5.767184293773664
5.390570312410854E-4      6.537624945664477E-4     0.010508                 1.1734060344989814
5.0E-4                    6.75E-4                  0.010508                 -2.295916650100935
5.781140624821708E-4      5.741916557995619E-4     0.010508                 18.152870805375784
5.390570312410854E-4      5.954291612331144E-4     0.010508                 0.12348693473018102
5.0E-4                    6.166666666666667E-4     0.010508                 -4.915431104819959
5.390570312410855E-4      5.37095827899781E-4      0.010508                 8.269038881402402
5.0E-4                    5.583333333333334E-4     0.010508                 -7.395868742842822
5.0E-4                    5.0E-4                   0.010508                 -4.868614782084592
7.968421874465125E-4      7.22574967398686E-4      0.010508                 8.285450209976156
7.577851562054271E-4      6.85479139498905E-4      0.010508000000000002     18.48450474289061
7.187281249643417E-4      6.483833115991241E-4     0.010508                 24.051574115307417
6.796710937232562E-4      6.11287483699343E-4      0.010508                 24.98665832722671
6.406140624821709E-4      5.741916557995619E-4     0.010508000000000002     21.289757378648602
6.015570312410854E-4      5.370958278997811E-4     0.010508                 12.960871269573088
5.625E-4                  5.0E-4                   0.010508                 0
8.202851562054271E-4      6.854791394989051E-4     0.010508000000000002     -3.3383044649783726
7.812281249643417E-4      6.48383311599124E-4      0.010508                 6.593326749012304
7.421710937232562E-4      6.11287483699343E-4      0.010508                 11.892972802505371
7.031140624821708E-4      5.741916557995619E-4     0.010508                 12.560633695501076
6.640570312410854E-4      5.37095827899781E-4      0.010508000000000002     8.596309427999241
6.249999999999999E-4      5.0E-4                   0.010508                 0
8.437281249643416E-4      6.48383311599124E-4      0.010508                 -10.864920617282962
8.046710937232562E-4      6.11287483699343E-4      0.010508                 -1.2007127222159741
7.656140624821708E-4      5.741916557995619E-4     0.010508                 3.831510012353503
7.265570312410853E-4      5.370958278997811E-4     0.010508                 4.2317475864255
6.875E-4                  5.0E-4                   0.010508                 0
8.671710937232562E-4      6.11287483699343E-4      0.010508                 -14.294398246937288
8.281140624821707E-4      5.741916557995619E-4     0.010508                 -4.897613670794027
7.890570312410854E-4      5.37095827899781E-4      0.010508                 -0.13281425514829764
7.499999999999999E-4      5.0E-4                   0.010508                 0
8.906140624821708E-4      5.741916557995619E-4     0.010508                 -13.626737353941609
8.515570312410853E-4      5.37095827899781E-4      0.010508                 -4.497376096722046
8.124999999999999E-4      5.0E-4                   0.010508                 0
9.140570312410853E-4      5.37095827899781E-4      0.010508                 -8.861937938295865
8.749999999999998E-4      5.0E-4                   0.010508                 0
9.374999999999997E-4      5.0E-4                   0.010508000000000002     0
