% Model:              stripline_filter_simple_decomp_new_mesh.mph
% Version:            COMSOL 6.1.0.252
% Date:               May 4 2023, 12:54
% Dimension:          3
% Nodes:              953
% Expressions:        1
% Description:        Surface
% X                       Y                        Z                        real(emw.Ey)
0.0019354009108757384     0.0012544340293143602    0.010508                 -5660.855563575868
0.001960632284923057      0.0012182566885032373    0.010508                 -5480.830628412545
0.0020059757970162712     0.0012767964423167318    0.010508                 -5033.599848804866
0.0020312071710635897     0.001240619101505609     0.010508                 -4849.915023194339
0.0019858636589703753     0.0011820793476921144    0.010508                 -5278.515424966679
0.0020564385451109076     0.001204441760694486     0.010508000000000002     -4632.953678252371
0.0020110950330176937     0.0011459020068809915    0.010508                 -5071.568580207236
0.0020816699191582265     0.0011682644198833631    0.010508                 -4412.17806894012
0.002036326407065012      0.0011097246660698686    0.010508                 -4859.990094134215
0.002106901293205545      0.0011320870790722402    0.010508                 -4187.588195257588
0.0020615577811123305     0.0010735473252587457    0.010508                 -4643.7799667476165
0.002132132667252863      0.0010959097382611173    0.010508000000000002     -3959.184057204773
0.002086789155159649      0.0010373699844476228    0.010508                 -4422.938198047441
0.0021573640413001817     0.0010597323974499947    0.010508                 -3726.965654781678
0.0021120205292069674     0.0010011926436365       0.010508                 -4197.464788033689
0.0021825954153475        0.0010235550566388718    0.010508                 -3486.691677713194
0.0021372519032542858     9.650153028253771E-4     0.010508                 -3960.688498610732
0.002076550683156804      0.0012991588553191034    0.010508                 -4406.082313391065
0.002101782057204122      0.0012629815145079808    0.010508                 -4197.683098608034
0.002127013431251441      0.0012268041736968579    0.010508                 -3970.883542073027
0.0021522448052987593     0.0011906268328857347    0.010508                 -3740.269721167738
0.0021774761793460777     0.001154449492074612     0.010508                 -3505.841635892168
0.0022027075533933957     0.0011182721512634892    0.010508                 -3267.599286246316
0.0022279389274407146     0.0010820948104523663    0.010508                 -3015.5250916286327
0.0021471255692973364     0.0013215212683214753    0.010508                 -3752.603274584618
0.002172356943344655      0.0012853439275103524    0.010508                 -3520.2561856294133
0.0021975883173919733     0.0012491665866992295    0.010508                 -3283.6184175013686
0.0022228196914392917     0.0012129892458881066    0.010508                 -3043.1663850030413
0.00224805106548661       0.0011768119050769837    0.010508                 -2798.9000881344327
0.0022732824395339285     0.0011406345642658608    0.010508                 -2536.26708188531
0.0022177004554378692     0.0013438836813238469    0.010508                 -3073.1627323855214
0.0022429318294851877     0.001307706340512724     0.010508                 -2817.6342842584786
0.002268163203532506      0.001271528999701601     0.010508                 -2571.1583045373945
0.0022933945775798245     0.0012353516588904782    0.010508                 -2320.8680604460296
0.002318625951627143      0.0011991743180793553    0.010508                 -2048.9176484832255
0.002288275341578402      0.0013662460943262185    0.010508                 -2367.7606867937775
0.0023135067156257205     0.0013300687535150956    0.010508                 -2089.8173944952273
0.002338738089673039      0.0012938914127039727    0.010508                 -1833.5032031811058
0.0023639694637203573     0.0012577140718928498    0.010508                 -1553.476791422379
0.0023588502277189344     0.00138860850732859      0.010508                 -1636.3971378093843
0.002384081601766253      0.0013524311665174672    0.010508                 -1336.8055163396618
0.0024093129758135713     0.0013162538257063443    0.010508                 -1049.944510702771
0.0024294251138594677     0.0014109709203309617    0.010508                 -879.072085432343
0.002454656487906786      0.0013747935795198388    0.010508                 -538.3208063244017
0.0025                    0.0014333333333333333    0.010508                 -47.892764831327106
0.001901236236607809      0.0012086840128934593    0.010508                 -5921.454674049303
0.0019264676106551274     0.0011725066720823364    0.010508                 -5707.396416164819
0.0018670715623398796     0.0011629339964725584    0.010508                 -6118.958692543834
0.0018923029363871978     0.0011267566556614355    0.010508000000000002     -5919.174525141929
0.0018329068880719498     0.0011171839800516578    0.010508                 -6305.173567105578
0.0018581382621192684     0.0010810066392405347    0.010508                 -6120.043624368094
0.0017987422138040204     0.001071433963630757     0.010508                 -6480.099297734532
0.001823973587851339      0.0010352566228196338    0.010508                 -6310.003713843309
0.001764577539536091      0.001025683947209856     0.010508                 -6643.735884430697
0.0017898089135834092     9.895066063987331E-4     0.010508000000000002     -6489.054793567577
0.0017304128652681616     9.799339307889551E-4     0.010508                 -6796.083327194074
0.0017556442393154798     9.437565899778322E-4     0.010508                 -6657.1968635408975
0.001696248191000232      9.341839143680543E-4     0.010508                 -6937.1416260246615
0.0017214795650475504     8.980065735569314E-4     0.010508                 -6839.051851977376
0.0016620835167323025     8.884338979471534E-4     0.010508                 -7076.708223618231
0.0019516989847024459     0.0011363293312712135    0.010508                 -5517.606552009125
0.0019175343104345165     0.0010905793148503126    0.010508                 -5737.102070373343
0.0018833696361665866     0.0010448292984294118    0.010508                 -5945.688578986615
0.0018492049618986572     9.99079282008511E-4      0.010508                 -6143.3660778489375
0.0018150402876307278     9.533292655876102E-4     0.010508                 -6330.134566960315
0.0017808756133627984     9.075792491667093E-4     0.010508                 -6523.337017603009
0.0019769303587497643     0.0011001519904600906    0.010508                 -5322.367669596558
0.0019427656844818349     0.0010544019740391897    0.010508                 -5549.580597347884
0.0019086010102139052     0.001008651957618289     0.010508                 -5765.884515348263
0.0018744363359459758     9.629019411973882E-4     0.010508                 -5971.279423597694
0.0018402716616780462     9.171519247764873E-4     0.010508                 -6175.75528464917
0.0020021617327970827     0.0010639746496489677    0.010508                 -5121.679768927118
0.001967997058529153      0.001018224633228067     0.010508                 -5356.610106065553
0.0019338323842612237     9.724746168071662E-4     0.010508                 -5580.63143345304
0.001899667709993294      9.267246003862653E-4     0.010508                 -5796.306653115862
0.002027393106844401      0.0010277973088378448    0.010508                 -4915.5428500008065
0.0019932284325764717     9.820472924169442E-4     0.010508                 -5158.190596526349
0.001959063758308542      9.362972759960432E-4     0.010508                 -5384.991123003079
0.0020526244808917195     9.916199680267222E-4     0.010508                 -4703.956912817621
0.00201845980662379       9.458699516058212E-4     0.010508                 -4941.8086943108265
0.002077855854939038      9.554426272155992E-4     0.010508                 -4466.7593670391025
0.0024999999999999996     9.666666666666667E-4     0.010507999999999997     -2.4405149567915205E-12
0.0024999999999999996     0.0010249999999999999    0.010507999999999998     -3.4526439950114563E-12
0.0024546564879067857     9.664602461865055E-4     0.010507999999999998     -518.925052638313
0.0024546564879067857     0.0010247935795198388    0.010507999999999998     -518.2816073861784
0.0024999999999999996     0.0010833333333333333    0.010507999999999997     -3.0368285725574484E-12
0.0024546564879067857     0.0010831269128531722    0.010507999999999998     -518.2418332979856
0.0024999999999999996     0.0011416666666666667    0.010507999999999997     -2.6177340646979375E-12
0.0024546564879067857     0.0011414602461865054    0.010507999999999998     -518.2020592097927
0.0024999999999999996     0.0012000000000000001    0.010507999999999998     -2.1953604714329354E-12
0.0024546564879067857     0.0011997935795198388    0.010507999999999998     -518.1622851215999
0.0025                    0.0012583333333333333    0.010508                 -1.7697077927624339E-12
0.002454656487906786      0.0012581269128531722    0.010508                 -518.1225110334071
0.0024999999999999996     0.0013166666666666667    0.010507999999999998     -1.3407760286864376E-12
0.0024546564879067857     0.0013164602461865054    0.010507999999999998     -518.0827369452145
0.0025                    0.001375                 0.010508                 -9.085651792049367E-13
0.0024093129758135713     9.662538257063443E-4     0.010507999999999997     -1031.2911607005249
0.0024093129758135713     0.0010245871590396777    0.010507999999999997     -1029.633648854966
0.0024093129758135713     0.0010829204923730109    0.010508                 -1029.5541006785807
0.0024093129758135713     0.0011412538257063443    0.010508                 -1029.4745525021954
0.0024093129758135713     0.0011995871590396777    0.010508                 -1029.3950043258103
0.0024093129758135713     0.001257920492373011     0.010508                 -1029.3154561494248
0.002363969463720357      9.660474052261832E-4     0.010507999999999997     -1537.0983241866381
0.002363969463720357      0.0010243807385595164    0.010507999999999998     -1534.0561244063656
0.002363969463720357      0.0010827140718928498    0.010507999999999998     -1533.9368021417877
0.002363969463720357      0.0011410474052261832    0.010507999999999998     -1533.8174798772104
0.0023639694637203573     0.0011993807385595164    0.010508                 -1533.6981576126325
0.002318625951627143      9.658409847460218E-4     0.010507999999999998     -2036.3465430966528
0.002318625951627143      0.0010241743180793553    0.010507999999999998     -2031.5490340403778
0.002318625951627143      0.0010825076514126887    0.010508                 -2031.389937687608
0.002318625951627143      0.0011408409847460219    0.010508                 -2031.2308413348383
0.0022732824395339285     9.656345642658606E-4     0.010508                 -2529.0358174305693
0.0022732824395339285     0.001023967897599194     0.010508                 -2522.112377757002
0.0022732824395339285     0.0010823012309325274    0.010508                 -2521.9135073160396
0.002227938927440714      9.654281437856994E-4     0.010507999999999998     -3015.1661471883863
0.002227938927440714      0.0010237614771190329    0.010507999999999998     -3005.74615555624
0.0021825954153475        9.652217233055383E-4     0.010508                 -3494.7375323701053
0.0019434757970162712     0.001335129775650065     0.010508                 -5542.997441742424
0.002014050683156804      0.0013574921886524366    0.010508                 -4947.686978420121
0.0020846255692973364     0.0013798546016548082    0.010508000000000002     -4331.780955985521
0.002155200455437869      0.0014022170146571799    0.010508                 -3689.1469151579413
0.002225775341578402      0.0014245794276595515    0.010508                 -3019.7848559373806
0.002296350227718935      0.0014469418406619235    0.010508000000000002     -2323.6947783238375
0.0023669251138594676     0.0014693042536642951    0.010508                 -1600.8766823173128
0.0024375000000000004     0.0014916666666666667    0.010508                 -783.3632503661054
0.001951550683156804      0.00141582552198577      0.010508                 -5486.1068672291785
0.0020221255692973363     0.0014381879349881417    0.010508                 -4890.839200377018
0.002092700455437869      0.0014605503479905135    0.010508                 -4271.668513342152
0.002163275341578402      0.001482912760992885     0.010508                 -3625.7698079143065
0.0022338502277189348     0.0015052751739952567    0.010508                 -2953.1430840934786
0.0023044251138594676     0.0015276375869976283    0.010508                 -2253.78834187967
0.002375                  0.00155                  0.010508                 -1471.3159550408209
0.0019596255692973363     0.001496521268321475     0.010508                 -5428.675259594462
0.002030200455437869      0.0015188836813238467    0.010508                 -4833.594259714396
0.002100775341578402      0.0015412460943262183    0.010508                 -4211.1589080792655
0.0021713502277189347     0.00156360850732859      0.010508                 -3561.995538051153
0.0022419251138594675     0.0015859709203309615    0.010508                 -2886.1041496300595
0.0023125000000000003     0.0016083333333333331    0.010508                 -2141.037965399529
0.001967700455437869      0.00157721701465718      0.010508                 -5370.702618838273
0.002038275341578402      0.0015995794276595517    0.010508                 -4775.952156432257
0.0021088502277189346     0.0016219418406619233    0.010508                 -4150.252140196861
0.0021794251138594675     0.001644304253664295     0.010508                 -3497.824105568482
0.0022500000000000003     0.0016666666666666666    0.010508                 -2792.529281442232
0.0019757753415784018     0.0016579127609928847    0.010508                 -5312.188944960613
0.0020463502277189346     0.0016802751739952565    0.010508                 -4717.9128905306
0.0021169251138594674     0.0017026375869976281    0.010508                 -4088.9482096949373
0.0021875                 0.0017249999999999998    0.010508                 -3425.7899031689276
0.0019838502277189345     0.00173860850732859      0.010508                 -5253.13423796148
0.0020544251138594673     0.0017609709203309616    0.010508                 -4659.476462009426
0.002125                  0.0017833333333333332    0.010508                 -4040.819830579617
0.0019919251138594673     0.001819304253664295     0.010508                 -5193.5384978408765
0.0020625                 0.0018416666666666666    0.010508                 -4637.6190636742995
0.002                     0.0018999999999999998    0.010508                 -5225.969954054304
0.0025                    0.0019                   0.010508                 0
0.0024375000000000004     0.0018999999999999998    0.010508                 -717.4975781389508
0.0025                    0.0018416666666666666    0.010508                 0
0.0024375                 0.0018416666666666666    0.010508                 -717.197343092587
0.002375                  0.0019                   0.010508                 -1418.5291493651282
0.002375                  0.0018416666666666666    0.010508000000000002     -1417.9286792724006
0.0023125000000000003     0.0018999999999999998    0.010508                 -2103.0947136785317
0.0023125                 0.0018416666666666666    0.010508                 -2102.1940085394403
0.0022500000000000003     0.0018999999999999998    0.010508                 -2771.1942710791627
0.00225                   0.0018416666666666666    0.010508                 -2769.993330893707
0.0021875                 0.0018999999999999998    0.010508                 -3422.8278215670193
0.0021874999999999998     0.0018416666666666664    0.010508000000000002     -3421.3266463352
0.002125                  0.0018999999999999998    0.010508                 -4057.995365142103
0.002125                  0.0018416666666666666    0.010508                 -4056.1939548639193
0.0020625                 0.0019                   0.010508                 -4676.696901804413
0.0025                    0.0017833333333333334    0.010508                 0
0.0024375                 0.0017833333333333334    0.010508                 -716.897108046223
0.002375                  0.0017833333333333334    0.010508                 -1417.3282091796727
0.0023125                 0.0017833333333333334    0.010508                 -2101.293303400349
0.0022500000000000003     0.0017833333333333332    0.010508                 -2768.792390708252
0.0021875                 0.0017833333333333332    0.010508                 -3419.825471103381
0.0025                    0.001725                 0.010508                 0
0.0024375                 0.001725                 0.010508                 -716.5968729998591
0.002375                  0.001725                 0.010508                 -1416.727739086945
0.0023125                 0.001725                 0.010508                 -2100.3925982612577
0.0022500000000000003     0.001725                 0.010508                 -2767.591450522796
0.0025                    0.0016666666666666666    0.010508                 0
0.0024375                 0.0016666666666666666    0.010508                 -716.2966379534954
0.0023750000000000004     0.0016666666666666666    0.010508                 -1416.127268994217
0.0023125000000000003     0.0016666666666666666    0.010508                 -2099.4918931221655
0.0025                    0.0016083333333333334    0.010508                 0
0.0024375                 0.0016083333333333334    0.010508                 -715.9964029071317
0.0023750000000000004     0.0016083333333333331    0.010508                 -1415.5267989014897
0.0025                    0.00155                  0.010508                 0
0.0024375                 0.00155                  0.010508                 -715.6961678607677
0.0025                    0.0014916666666666667    0.010508                 0
0.0021200954153475        9.06888389972205E-4      0.010508                 -4104.38777839555
0.0020606993670322523     8.97315714362427E-4      0.010508                 -4600.872147358401
0.0020013033187170045     8.877430387526491E-4     0.010508000000000002     -5074.722087225646
0.0019419072704017564     8.781703631428712E-4     0.010508                 -5516.631076715985
0.0018825112220865086     8.685976875330932E-4     0.010508                 -5926.599115829418
0.0018231151737712603     8.590250119233152E-4     0.010508000000000002     -6304.626204565941
0.0017637191254560125     8.494523363135372E-4     0.010508                 -6650.712342925561
0.0017043230771407647     8.398796607037593E-4     0.010508                 -6942.656590537701
0.0021029389274407144     8.487614771190328E-4     0.010508                 -4259.827460687791
0.0020435428791254666     8.391888015092548E-4     0.010508000000000002     -4752.700650659903
0.0019841468308102184     8.29616125899477E-4      0.010508                 -5217.701987203654
0.0019247507824949705     8.20043450289699E-4      0.010508                 -5650.7623733704995
0.0018653547341797227     8.10470774679921E-4      0.010508                 -6051.881809160436
0.0018059586858644747     8.00898099070143E-4      0.010508000000000002     -6421.060294573468
0.0017465626375492269     7.91325423460365E-4      0.010508                 -6748.655282140346
0.002085782439533929      7.906345642658607E-4     0.010508                 -4413.274833026834
0.0020263863912186805     7.810618886560829E-4     0.010508                 -4902.082286605149
0.001966990342903433      7.714892130463049E-4     0.010508                 -5358.235019825406
0.0019075942945881849     7.619165374365269E-4     0.010508                 -5782.446802668757
0.001848198246272937      7.523438618267489E-4     0.010508                 -6174.717635135201
0.001788802197957689      7.427711862169709E-4     0.010508                 -6537.3340710077355
0.0020686259516271427     7.325076514126886E-4     0.010508                 -4564.729895412676
0.0020092299033118953     7.229349758029106E-4     0.010508                 -5049.01705519414
0.001949833854996647      7.133623001931327E-4     0.010508                 -5496.321185090903
0.0018904378066813992     7.037896245833547E-4     0.010508                 -5911.684364610759
0.0018310417583661514     6.942169489735767E-4     0.010508                 -6308.692957139867
0.0020514694637203575     6.743807385595165E-4     0.010508                 -4714.192647845322
0.001992073415405109      6.648080629497385E-4     0.010508                 -5193.504956426876
0.0019326773670898614     6.552353873399606E-4     0.010508                 -5631.960483000145
0.0018732813187746136     6.456627117301826E-4     0.010508                 -6062.7319405367425
0.0020343129758135714     6.162538257063444E-4     0.010508                 -4861.663090324768
0.0019749169274983235     6.066811500965664E-4     0.010508                 -5335.545990303353
0.0019155208791830757     5.971084744867885E-4     0.010508                 -5799.4510211983625
0.0020171564879067857     5.581269128531722E-4     0.010508000000000002     -5007.141222851015
0.001957760439591538      5.485542372433943E-4     0.010508000000000002     -5518.850199124725
0.002                     5.000000000000001E-4     0.010508000000000002     -5191.558750157313
0.0015                    0.0018999999999999996    0.010507999999999998     -7343.628511265331
0.0015086518436101498     0.001837649416529337     0.010507999999999998     -7272.8367355596765
0.0015625                 0.0018999999999999998    0.010507999999999998     -7157.086603490714
0.0015711518436101499     0.0018376494165293369    0.010508                 -7155.979874906872
0.0015173036872202996     0.0017752988330586744    0.010508                 -7271.693312920971
0.0015798036872202994     0.0017752988330586744    0.010507999999999998     -7154.279995726385
0.0015259555308304489     0.001712948249588012     0.010507999999999998     -7269.858606383642
0.0015884555308304492     0.0017129482495880119    0.010507999999999998     -7151.986965949251
0.0015346073744405987     0.0016505976661173494    0.010508                 -7267.332615947687
0.001597107374440599      0.0016505976661173494    0.010508                 -7149.100785575471
0.0015432592180507484     0.001588247082646687     0.010508                 -7264.115341613106
0.0016057592180507483     0.001588247082646687     0.010508                 -7145.621454605041
0.0015519110616608982     0.0015258964991760246    0.010507999999999998     -7260.206783379901
0.001614411061660898      0.0015258964991760244    0.010508                 -7141.548973037969
0.0015605629052710477     0.001463545915705362     0.010508                 -7255.606941248072
0.0016230629052710478     0.001463545915705362     0.010508                 -7187.582723832396
0.0015692147488811975     0.0014011953322346994    0.010508                 -7293.710413202934
0.0016250000000000001     0.0018999999999999996    0.010508                 -7017.56015110849
0.0016336518436101497     0.001837649416529337     0.010508                 -7011.600882309026
0.0016423036872202995     0.0017752988330586746    0.010508                 -7005.048462912915
0.001650955530830449      0.001712948249588012     0.010508                 -6997.902892920159
0.0016596073744405988     0.0016505976661173496    0.010508                 -6990.164172330755
0.0016682592180507483     0.001588247082646687     0.010508                 -6981.832301144705
0.001676911061660898      0.0015258964991760246    0.010508                 -6997.461962151702
0.0016875                 0.0018999999999999998    0.010507999999999998     -6838.878579614386
0.0016961518436101497     0.0018376494165293373    0.010507999999999998     -6828.066770599297
0.0017048036872202995     0.0017752988330586748    0.010508                 -6816.661810987566
0.001713455530830449      0.0017129482495880123    0.010507999999999998     -6804.663700779187
0.0017221073744405988     0.0016505976661173496    0.010508                 -6792.072439974159
0.0017307592180507484     0.001588247082646687     0.010508                 -6777.770482070438
0.00175                   0.0018999999999999998    0.010508                 -6621.041889008401
0.0017586518436101498     0.001837649416529337     0.010508                 -6605.377539777692
0.0017673036872202993     0.0017752988330586746    0.010508                 -6589.120039950336
0.0017759555308304491     0.0017129482495880123    0.010508                 -6572.2693895263355
0.0017846073744405989     0.0016505976661173496    0.010508                 -6528.50828358861
0.0018125                 0.0018999999999999996    0.010508                 -6364.050079290539
0.0018211518436101496     0.001837649416529337     0.010508                 -6343.533189844206
0.0018298036872202994     0.0017752988330586746    0.010508                 -6322.423149801228
0.0018384555308304492     0.001712948249588012     0.010508                 -6249.675366706215
0.001875                  0.0018999999999999998    0.010507999999999998     -6067.903150460794
0.0018836518436101497     0.0018376494165293373    0.010508                 -6042.53372079884
0.0018923036872202995     0.0017752988330586748    0.010508                 -5941.271731423255
0.0019375                 0.0018999999999999998    0.010508                 -5732.601102519171
0.0019461518436101497     0.0018376494165293373    0.010508                 -5603.297377739726
0.001889627640626421      0.0012727791921794025    0.010508                 -5955.449520425984
0.0018977025267669537     0.0013534749385151076    0.010508                 -5852.994352689958
0.0019057774129074862     0.0014341706848508126    0.010508000000000002     -5796.576823439838
0.001913852299048019      0.0015148664311865174    0.010508                 -5739.474390566295
0.0019219271851885517     0.0015955621775222222    0.010508                 -5681.687054069325
0.0019300020713290845     0.0016762579238579272    0.010508000000000002     -5623.21481394893
0.001938076957469617      0.0017569536701936323    0.010508                 -5564.057670205108
0.0018438543703771034     0.001291124355044445     0.010508                 -6211.328208806952
0.001851929256517636      0.00137182010138015      0.010508                 -6136.006473123446
0.0018600041426581687     0.0014525158477158547    0.010508                 -6083.369450206863
0.0018680790287987014     0.0015332115940515597    0.010508                 -6030.0475236668535
0.001876153914939234      0.0016139073403872647    0.010508                 -5976.040693503419
0.0018842288010797667     0.0016946030867229698    0.010508                 -5921.348959716556
0.0017980811001277854     0.0013094695179094876    0.010508                 -6446.235316895208
0.0018061559862683181     0.0013901652642451924    0.010508                 -6398.166262323579
0.001814230872408851      0.0014708610105808972    0.010508                 -6349.309745740529
0.0018223057585493837     0.0015515567569166023    0.010508                 -6299.768325534054
0.0018303806446899164     0.0016322525032523073    0.010508                 -6249.542001704153
0.0017523078298784679     0.0013278146807745297    0.010508                 -6660.170844690754
0.0017603827160190006     0.0014085104271102347    0.010508                 -6639.473720290354
0.0017684576021595334     0.0014892061734459398    0.010508                 -6594.39771004084
0.0017765324883000661     0.0015699019197816448    0.010508                 -6548.636796167901
0.0017065345596291503     0.0013461598436395722    0.010508                 -6853.13479219359
0.001714609445769683      0.001426855589975277     0.010508                 -6859.928847023775
0.0017226843319102156     0.001507551336310982     0.010508                 -6818.633343107795
0.0016607612893798328     0.0013645050065046148    0.010508                 -7025.127159403715
0.0016688361755203653     0.0014452007528403198    0.010508                 -7059.531642523839
0.001614988019130515      0.0013828501693696571    0.010508                 -7176.147946321128
0.0018554629663584915     0.0012270291757585016    0.010508                 -6189.100540778156
0.0018096896961091737     0.0012453743386235442    0.010508000000000002     -6405.938166169279
0.0017639164258598562     0.0012637195014885865    0.010508                 -6601.68496220834
0.0017181431556105387     0.001282064664353629     0.010508                 -6776.340928895333
0.0016723698853612207     0.0013004098272186714    0.010508000000000002     -6929.906066230265
0.0016265966151119032     0.001318754990083714     0.010508                 -7062.38037421313
0.0015808233448625856     0.0013371001529487562    0.010508                 -7190.659241986024
0.0018212982920905619     0.001181279159337601     0.010508                 -6364.35974090636
0.0017755250218412443     0.0011996243222026433    0.010508                 -6565.50922902663
0.0017297517515919266     0.0012179694850676858    0.010508                 -6745.567887794833
0.001683978481342609      0.0012363146479327282    0.010508                 -6904.5357172109725
0.0016382052110932913     0.0012546598107977705    0.010508                 -7042.412717275049
0.0015924319408439737     0.001273004973662813     0.010508                 -7172.280263132147
0.0017871336178226322     0.0011355291429167       0.010508                 -6527.949662919936
0.0017413603475733147     0.0011538743057817424    0.010508                 -6713.41101376935
0.0016955870773239972     0.001172219468646785     0.010508                 -6877.7815352666985
0.0016498138070746796     0.0011905646315118273    0.010508                 -7021.061227411982
0.0016040405368253617     0.0012089097943768696    0.010508                 -7152.479943343182
0.0017529689435547028     0.0010897791264957992    0.010508                 -6679.870306818881
0.0017071956733053853     0.0011081242893608415    0.010508                 -6849.643520397438
0.0016614224030560678     0.001126469452225884     0.010508                 -6998.325904623931
0.00161564913280675       0.0011448146150909264    0.010508                 -7131.258282619127
0.0017188042692867734     0.0010440291100748983    0.010508                 -6820.1216726031935
0.0016730309990374557     0.0010623742729399407    0.010508                 -6974.206748910897
0.001627257728788138      0.0010807194358049832    0.010508                 -7108.6152809599835
0.0016846395950188438     9.982790936539975E-4     0.010508                 -6948.703760272878
0.0016388663247695263     0.0010166242565190398    0.010508                 -7084.550938365752
0.0016504749207509144     9.525290772330966E-4     0.010508                 -7059.065254836431
0.0016027397430862333     8.926809781859679E-4     0.010508                 -7122.705682190177
0.0015911311471048452     9.567761574719111E-4     0.010508                 -7132.028374405007
0.001579522551123457      0.0010208713367578545    0.010508000000000002     -7153.927174276381
0.001567913955142069      0.0010849665160437977    0.010508                 -7174.367125202558
0.0015563053591606808     0.0011490616953297409    0.010508                 -7193.348227183543
0.0015446967631792927     0.001213156874615684     0.010508000000000002     -7210.870480219336
0.0015330881671979046     0.0012772520539016275    0.010508                 -7226.933884309931
0.0015214795712165164     0.0013413472331875707    0.010508                 -7311.143457704935
0.0015433959694401641     8.969280584247823E-4     0.010508                 -7162.040334093642
0.001531787373458776      9.610232377107255E-4     0.010508                 -7172.082041898658
0.0015201787774773879     0.001025118416996669     0.010508                 -7186.392404064553
0.0015085701814959997     0.0010892135962826122    0.010508                 -7199.2439172852555
0.0014969615855146116     0.0011533087755685554    0.010508                 -7210.636581560764
0.0014853529895332235     0.0012174039548544986    0.010508                 -7220.570396891079
0.0014737443935518354     0.001281499134140442     0.010508                 -7273.285859456092
0.001484052195794095      9.011751386635969E-4     0.010508                 -7161.87984944283
0.0014724435998127068     9.652703179495401E-4     0.010508                 -7172.6749423258825
0.0014608350038313187     0.0010293654972354834    0.010508                 -7179.3968667863
0.0014492264078499306     0.0010934606765214266    0.010508                 -7184.659942301525
0.0014376178118685424     0.00115755585580737      0.010508                 -7188.464168871557
0.0014260092158871543     0.001221651035093313     0.010508                 -7211.04547669883
0.001424708422148026      9.054222189024114E-4     0.010508                 -7122.224228237741
0.0014130998261666378     9.695173981883546E-4     0.010508                 -7133.8070756866755
0.0014014912301852497     0.001033612577474298     0.010508                 -7132.940562441618
0.0013898826342038616     0.0010977077567602411    0.010508                 -7130.615200251367
0.0013782740382224734     0.0011618029360461845    0.010508                 -7124.422309433143
0.0013653646485019565     9.096692991412259E-4     0.010508                 -7043.0734704783745
0.0013537560525205684     9.737644784271692E-4     0.010508                 -7055.478441981044
0.0013421474565391803     0.0010378596577131124    0.010508                 -7047.023491030509
0.0013305388605577922     0.0011019548369990556    0.010508                 -7013.416357659035
0.0013060208748558876     9.139163793800405E-4     0.010508                 -6924.427576164731
0.0012944122788744994     9.780115586659837E-4     0.010508                 -6937.689041208983
0.0012828036828931113     0.001042106737951927     0.010508                 -6878.027621376508
0.0012466771012098184     9.18163459618855E-4      0.010508                 -6766.286545296813
0.0012350685052284302     9.822586389047982E-4     0.010508                 -6718.256100585559
0.0011873333275637492     9.224105398576694E-4     0.010508                 -6472.334981396803
0.0014999999999999998     4.999999999999999E-4     0.010507999999999998     -7343.067822532437
0.0015624999999999999     4.999999999999999E-4     0.010507999999999998     -7177.7764326176575
0.0015202604395915377     5.485542372433941E-4     0.010507999999999998     -7299.444076953282
0.0015827604395915378     5.485542372433941E-4     0.010508                 -7152.62363536216
0.001625                  4.999999999999999E-4     0.010508                 -7021.208282734613
0.0016452604395915378     5.485542372433941E-4     0.010508                 -6983.848453493318
0.0016874999999999998     5.0E-4                   0.010508                 -6826.145979336687
0.0017077604395915379     5.485542372433941E-4     0.010508                 -6776.579118109595
0.0017499999999999998     5.0E-4                   0.010508                 -6592.5895224238775
0.001770260439591538      5.485542372433941E-4     0.010508000000000002     -6530.815629210989
0.0018124999999999999     5.0E-4                   0.010508                 -6320.538911996185
0.0018327604395915378     5.485542372433942E-4     0.010508000000000002     -6246.557986797499
0.001875                  5.000000000000001E-4     0.010508                 -6009.994148053608
0.0018952604395915378     5.485542372433943E-4     0.010508000000000002     -5923.806190869126
0.0019375                 5.000000000000001E-4     0.010508000000000002     -5660.955230596151
0.0015405208791830756     5.971084744867882E-4     0.010508                 -7280.050262163726
0.0016030208791830754     5.971084744867882E-4     0.010508                 -7123.601733265611
0.0016655208791830755     5.971084744867884E-4     0.010508                 -6942.619519410975
0.0017280208791830756     5.971084744867884E-4     0.010508                 -6723.1431520414535
0.0017905208791830756     5.971084744867884E-4     0.010508                 -6465.172631157049
0.0018530208791830757     5.971084744867885E-4     0.010508                 -6168.707956757764
0.0015607813187746133     6.456627117301825E-4     0.010507999999999998     -7256.436413054362
0.0016232813187746133     6.456627117301825E-4     0.010508                 -7090.710726328014
0.0016857813187746134     6.456627117301825E-4     0.010508                 -6897.52148048758
0.0017482813187746134     6.456627117301826E-4     0.010508                 -6665.838081132263
0.0018107813187746135     6.456627117301826E-4     0.010508                 -6395.660528262064
0.0015810417583661512     6.942169489735767E-4     0.010508                 -7228.60252962519
0.0016435417583661512     6.942169489735767E-4     0.010508                 -7053.950614549368
0.0017060417583661513     6.942169489735767E-4     0.010508                 -6848.554336723135
0.0017685417583661513     6.942169489735767E-4     0.010508                 -6604.663905382023
0.001601302197957689      7.427711862169708E-4     0.010508                 -7196.5486118762055
0.001663802197957689      7.427711862169708E-4     0.010508                 -7013.321397929671
0.001726302197957689      7.427711862169708E-4     0.010508                 -6795.718088117643
0.0016215626375492267     7.91325423460365E-4      0.010507999999999998     -7160.274659807414
0.0016840626375492268     7.91325423460365E-4      0.010508                 -6968.823076468924
0.0016418230771407646     8.398796607037591E-4     0.010508                 -7119.7806734188125
0.0015824793034946954     8.441267409425736E-4     0.010508                 -7172.697052873578
0.0015231355298486262     8.483738211813881E-4     0.010508000000000002     -7190.282123303272
0.0014637917562025573     8.526209014202027E-4     0.010508                 -7168.3376876908405
0.0014044479825564879     8.568679816590172E-4     0.010508                 -7106.863746036283
0.0013451042089104189     8.611150618978317E-4     0.010508000000000002     -7005.8602983396
0.0012857604352643497     8.653621421366463E-4     0.010508                 -6865.327344600791
0.0012264166616182805     8.696092223754607E-4     0.010508                 -6646.844358607158
0.0015622188639031575     7.955725036991795E-4     0.010508                 -7204.082503156676
0.0015028750902570886     7.99819583937994E-4      0.010507999999999998     -7208.22544540826
0.0014435313166110192     8.040666641768086E-4     0.010507999999999998     -7172.838881617724
0.0013841875429649502     8.083137444156231E-4     0.010507999999999998     -7097.922811785058
0.001324843769318881      8.125608246544376E-4     0.010508                 -6983.477235910266
0.0012654999956728118     8.168079048932521E-4     0.010507999999999998     -6798.619465960431
0.00154195842431162       7.470182664557853E-4     0.010508                 -7230.896989641202
0.0014826146506655507     7.512653466945998E-4     0.010508                 -7221.597803714683
0.0014232708770194817     7.555124269334144E-4     0.010508                 -7172.769111746037
0.0013639271033734123     7.597595071722288E-4     0.010508                 -7084.410913735263
0.0013045833297273433     7.640065874110433E-4     0.010508                 -6934.080592800641
0.001521697984720082      6.984640292123912E-4     0.010508                 -7253.140512327159
0.0014623542110740128     7.027111094512057E-4     0.010508                 -7230.399198222534
0.0014030104374279438     7.069581896900201E-4     0.010508                 -7168.128378075779
0.0013436666637818744     7.112052699288346E-4     0.010508                 -7053.227739127789
0.0015014375451285443     6.49909791968997E-4      0.010507999999999998     -7270.813071214551
0.0014420937714824749     6.541568722078115E-4     0.010507999999999998     -7234.629628931816
0.001382749997836406      6.58403952446626E-4      0.010507999999999998     -7156.060904941873
0.0014811771055370064     6.013555547256027E-4     0.010508                 -7283.914666303371
0.0014218333318909372     6.056026349644172E-4     0.010508                 -7242.5800902428955
0.0014609166659454685     5.528013174822086E-4     0.010507999999999998     -7312.7852950308525
9.999999999999998E-4      5.0E-4                   0.010508000000000002     -5175.58404800344
0.0010624999999999999     5.0E-4                   0.010508000000000002     -5606.119370444885
0.0010234166659454686     5.528013174822087E-4     0.010508000000000002     -5357.549289414499
0.0010859166659454684     5.528013174822087E-4     0.010508000000000002     -5763.841974486696
0.0011249999999999997     5.0E-4                   0.010508                 -5975.1182065639805
0.0011484166659454685     5.528013174822086E-4     0.010508000000000002     -6119.3348454035095
0.0011874999999999998     5.0E-4                   0.010508                 -6306.538782181776
0.0012109166659454685     5.528013174822086E-4     0.010508000000000002     -6437.249455819022
0.0012499999999999998     5.0E-4                   0.010508                 -6600.38109729827
0.0012734166659454683     5.528013174822086E-4     0.010508                 -6717.585805733237
0.0013124999999999999     5.0E-4                   0.010508                 -6856.645151913467
0.0013359166659454684     5.528013174822086E-4     0.010508                 -6960.343895146152
0.001375                  4.999999999999999E-4     0.010508                 -7075.330946027363
0.0013984166659454685     5.528013174822086E-4     0.010508                 -7165.523724057768
0.0014374999999999998     4.999999999999999E-4     0.010507999999999998     -7256.438479639961
0.001046833331890937      6.056026349644174E-4     0.010508                 -5521.379468835388
0.0011093333318909371     6.056026349644174E-4     0.010508                 -5916.719161083595
0.0011718333318909372     6.056026349644174E-4     0.010508                 -6258.706066798127
0.0012343333318909373     6.056026349644173E-4     0.010508                 -6563.114712011359
0.001296833331890937      6.056026349644173E-4     0.010508                 -6829.945096723295
0.0013593333318909372     6.056026349644173E-4     0.010508                 -7059.1972209339265
0.0010702499978364058     6.58403952446626E-4      0.010508                 -5680.540081795694
0.0011327499978364057     6.58403952446626E-4      0.010508                 -6064.750930235588
0.0011952499978364057     6.58403952446626E-4      0.010508                 -6393.23187074784
0.0012577499978364058     6.58403952446626E-4      0.010508                 -6684.13455075879
0.0013202499978364059     6.58403952446626E-4      0.010508                 -6937.458970268439
0.0010936666637818746     7.112052699288347E-4     0.010508                 -5835.031128295417
0.0011561666637818744     7.112052699288347E-4     0.010508                 -6207.93728194267
0.0012186666637818745     7.112052699288347E-4     0.010508                 -6522.91225725264
0.0012811666637818746     7.112052699288346E-4     0.010508                 -6800.308972061307
0.0011170833297273431     7.640065874110434E-4     0.010508                 -5984.852608334557
0.0011795833297273432     7.640065874110434E-4     0.010508                 -6346.2782162048425
0.0012420833297273432     7.640065874110433E-4     0.010508                 -6647.747226312532
0.0011404999956728119     8.168079048932521E-4     0.010508                 -6130.004521913118
0.0012029999956728117     8.168079048932521E-4     0.010508                 -6479.773733022105
0.0011639166616182804     8.696092223754608E-4     0.010508                 -6270.486869031092
8.124562499286834E-4      7.96766623198248E-4      0.010508                 -3449.8014381749986
8.35899218687598E-4       7.596707952984669E-4     0.010508                 -3691.308645334527
8.593158846330666E-4      8.124721127806756E-4     0.010508                 -3895.8116103593557
8.827588533919812E-4      7.753762848808946E-4     0.010508                 -4127.955830682032
8.593421874465124E-4      7.225749673986859E-4     0.010508                 -3912.509194409774
9.062018221508957E-4      7.382804569811137E-4     0.010508000000000002     -4340.841930998509
8.82785156205427E-4       6.85479139498905E-4      0.010508                 -4130.085574257957
9.296447909098102E-4      7.011846290813327E-4     0.010508000000000002     -4549.6650515269575
9.062281249643416E-4      6.48383311599124E-4      0.010508                 -4344.037784879076
9.530877596687249E-4      6.640888011815516E-4     0.010508000000000002     -4754.425192267371
9.296710937232561E-4      6.11287483699343E-4      0.010508                 -4554.3658262731315
9.765307284276394E-4      6.269929732817707E-4     0.010508000000000002     -4955.122353219752
9.531140624821706E-4      5.741916557995619E-4     0.010508                 -4761.069698440124
9.999736971865539E-4      5.898971453819897E-4     0.010508000000000002     -5151.756534384101
9.765570312410852E-4      5.37095827899781E-4      0.010508000000000002     -4964.149401380051
9.061755193374498E-4      8.281776023631032E-4     0.010508                 -4310.042662641175
9.296184880963644E-4      7.910817744633224E-4     0.010508                 -4523.512098564699
9.530614568552789E-4      7.539859465635413E-4     0.010508                 -4728.056626988426
9.765044256141934E-4      7.168901186637603E-4     0.010508                 -4928.53817562412
9.999473943731081E-4      6.797942907639794E-4     0.010508                 -5124.956744471785
0.0010233903631320226     6.426984628641983E-4     0.010508                 -5317.312333531414
9.530351540418331E-4      8.438830919455311E-4     0.010508                 -4707.420401328441
9.764781228007476E-4      8.067872640457501E-4     0.010508                 -4901.954486973636
9.999210915596622E-4      7.69691436145969E-4      0.010508                 -5098.157443504615
0.0010233640603185767     7.325956082461881E-4     0.010508                 -5290.297420247559
0.0010468070290774911     6.954997803464071E-4     0.010508                 -5478.374417202472
9.998947887462162E-4      8.595885815279587E-4     0.010508                 -5087.944826421146
0.0010233377575051307     8.224927536281776E-4     0.010508                 -5263.282995908852
0.0010467807262640454     7.853969257283968E-4     0.010508                 -5451.144380547079
0.00107022369502296       7.483010978286157E-4     0.010508                 -5634.942785397271
0.0010467544234505995     8.752940711103863E-4     0.010508                 -5451.615937919298
0.0010701973922095142     8.381982432106054E-4     0.010508                 -5607.4976253703435
0.0010936403609684286     8.011024153108244E-4     0.010508                 -5787.017438115819
0.0010936140581549827     8.909995606928142E-4     0.010508                 -5798.433735822891
0.0011170570269138972     8.539037327930331E-4     0.010508                 -5934.598375358111
0.001140473692859366      9.067050502752418E-4     0.010508                 -6128.398220131929
0.0015092568355139406     0.001403568992217912     0.010508                 -7279.564964350171
0.0015006049919037909     0.0014659195756885745    0.010508                 -7220.101489240929
0.0014919531482936411     0.001528270159159237     0.010508                 -7223.9686384910665
0.0014833013046834918     0.0015906207426298995    0.010508                 -7227.046370540597
0.001474649461073342      0.001652971326100562     0.010507999999999998     -7229.334685389524
0.0014659976174631923     0.0017153219095712244    0.010507999999999998     -7230.83358303785
0.0014573457738530427     0.001777672493041887     0.010508                 -7231.543063485571
0.001448693930242893      0.0018400230765125496    0.010507999999999998     -7302.035869671847
0.0014492989221466836     0.0014059426522011246    0.010508                 -7196.358172261227
0.0014406470785365338     0.0014682932356717868    0.010508                 -7161.62374568951
0.0014319952349263845     0.0015306438191424496    0.010508                 -7159.971451874217
0.0014233433913162347     0.001592994402613112     0.010508                 -7157.529740858321
0.001414691547706085      0.0016553449860837745    0.010508                 -7154.29861264182
0.0014060397040959352     0.001717695569554437     0.010508                 -7150.278067224715
0.0013973878604857859     0.0017800461530250995    0.010508                 -7190.066002749672
0.0013893410087794267     0.001408316312184337     0.010508                 -7075.761216324636
0.0013806891651692772     0.0014706668956549996    0.010508                 -7064.558196187926
0.0013720373215591274     0.0015330174791256621    0.010507999999999998     -7057.386459307206
0.0013633854779489779     0.0015953680625963246    0.010508                 -7049.425305225882
0.001354733634338828      0.001657718646066987     0.010507999999999998     -7040.674733943954
0.0013460817907286783     0.0017200692295376496    0.010507999999999998     -7050.804197750946
0.0013293830954121699     0.0014106899721675495    0.010508                 -6917.7740965403955
0.0013207312518020203     0.0014730405556382122    0.010508                 -6928.904840736181
0.0013120794081918706     0.0015353911391088745    0.010508                 -6916.213660790034
0.001303427564581721      0.001597741722579537     0.010508                 -6902.733063643282
0.0012947757209715713     0.0016600923060501997    0.010508                 -6884.250454675663
0.0012694251820449132     0.001413063632150762     0.010508                 -6722.396812908509
0.0012607733384347635     0.0014754142156214246    0.010508                 -6754.663679334277
0.0012521214948246137     0.001537764799092087     0.010508                 -6736.453056322701
0.0012434696512144642     0.0016001153825627495    0.010508                 -6690.404773523828
0.0012094672686776562     0.0014154372921339744    0.010508                 -6489.629365428972
0.0012008154250675064     0.001477787875604637     0.010508                 -6541.834711982209
0.0011921635814573569     0.0015401384590752996    0.010507999999999998     -6469.2671542954395
0.0011495093553103993     0.001417810952117187     0.010508                 -6219.471754101789
0.0011408575117002496     0.0014801615355878495    0.010508                 -6220.8375969904955
0.0010895514419431425     0.0014201846121003996    0.010508                 -5858.483436202213
0.0011017741776457183     0.0013579628530700583    0.010508                 -5878.60947956844
0.001161732091012975      0.0013555891930868457    0.010508                 -6201.086941608335
0.001113996913348294      0.001295741094039717     0.010508                 -5960.956204877389
0.001173954826715551      0.0012933674340565044    0.010508000000000002     -6280.625434303132
0.00112621964905087       0.001233519335009376     0.010508                 -6041.928003509044
0.001186177562418127      0.0012311456750261633    0.010508                 -6358.680955666165
0.0011384423847534458     0.0011712975759790344    0.010508                 -6121.524875463405
0.0011984002981207027     0.0011689239159958218    0.010508                 -6435.2535056974275
0.0011506651204560216     0.0011090758169486933    0.010508                 -6199.746820740471
0.0012106230338232787     0.0011067021569654808    0.010508000000000002     -6510.3430843969245
0.0011628878561585976     0.001046854057918352     0.010508                 -6276.593839340245
0.0012228457695258545     0.0010444803979351395    0.010508                 -6583.949691764655
0.0011751105918611734     9.846322988880107E-4     0.010508                 -6352.065931262722
0.0012216900043802322     0.0013532155331036333    0.010508                 -6488.178501695536
0.001233912740082808      0.0012909937740732918    0.010508                 -6560.390662059973
0.0012461354757853837     0.0012287720150429508    0.010508                 -6631.119851092641
0.0012583582114879595     0.0011665502560126095    0.010508                 -6700.366068793541
0.0012705809471905355     0.0011043284969822682    0.010508                 -6768.129315162674
0.001281647917747489      0.0013508418731204208    0.010508                 -6739.077540037608
0.0012938706534500648     0.0012886201140900795    0.010508                 -6803.963368071678
0.0013060933891526406     0.0012263983550597382    0.010508                 -6867.366224773982
0.0013183161248552164     0.0011641765960293971    0.010508                 -6929.286110144519
0.0013416058311147457     0.0013484682131372082    0.010508                 -6953.784056634539
0.0013538285668173217     0.001286246454106867     0.010508                 -7011.343552338249
0.0013660513025198977     0.0012240246950765256    0.010508                 -7067.4200767101875
0.0014015637444820027     0.0013460945531539956    0.010508                 -7132.298051486339
0.0014137864801845785     0.0012838727941236543    0.010508                 -7182.531214859682
0.0014615216578492596     0.0013437208931707833    0.010508                 -7274.619524593002
0.001                     0.0018999999999999996    0.010508                 -5185.329741670209
0.0010111939302428928     0.0018400230765125496    0.010508                 -5232.632564604466
0.0010625                 0.0018999999999999996    0.010508                 -5559.874287544007
0.0010736939302428928     0.0018400230765125494    0.010508                 -5647.5855851288725
0.0010223878604857855     0.0017800461530250995    0.010508                 -5321.164766383805
0.0010848878604857856     0.0017800461530250995    0.010508000000000002     -5734.220877221499
0.0010335817907286785     0.0017200692295376496    0.010508                 -5408.7670283071475
0.0010960817907286783     0.0017200692295376496    0.010508                 -5819.780163821883
0.0010447757209715712     0.0016600923060501997    0.010508                 -5495.439350374494
0.0011072757209715713     0.0016600923060501995    0.010508                 -5904.263444930027
0.0010559696512144642     0.0016001153825627495    0.010508                 -5581.181732585839
0.001118469651214464      0.0016001153825627495    0.010508000000000002     -5987.67072054593
0.001067163581457357      0.0015401384590752996    0.010508                 -5665.99417494119
0.0011296635814573568     0.0015401384590752994    0.010508                 -6070.001990669592
0.0010783575117002497     0.0014801615355878495    0.010508                 -5749.876677440544
0.0011250000000000001     0.0018999999999999996    0.010507999999999998     -5948.7319405353255
0.0011361939302428929     0.0018400230765125496    0.010508                 -6030.038241290986
0.0011473878604857856     0.0017800461530250997    0.010507999999999998     -6110.268536554406
0.0011585817907286784     0.0017200692295376496    0.010507999999999998     -6189.4228263255845
0.0011697757209715711     0.0016600923060501997    0.010507999999999998     -6267.50111060452
0.0011809696512144641     0.0016001153825627495    0.010508                 -6344.503389391217
0.0011875000000000002     0.0018999999999999996    0.010508                 -6299.610066227274
0.001198693930242893      0.0018400230765125496    0.010508                 -6374.5113701537275
0.0012098878604857857     0.0017800461530250995    0.010508                 -6448.336668587942
0.0012210817907286784     0.0017200692295376496    0.010508                 -6521.085961529914
0.0012322757209715712     0.0016600923060501997    0.010508                 -6592.759248979646
0.00125                   0.0018999999999999996    0.010508                 -6612.508664619856
0.0012611939302428928     0.0018400230765125494    0.010508                 -6681.004971717102
0.0012723878604857857     0.0017800461530250995    0.010508                 -6748.425273322107
0.0012835817907286785     0.0017200692295376496    0.010508                 -6814.769569434875
0.0013124999999999999     0.0018999999999999996    0.010507999999999998     -6887.427735713065
0.0013236939302428928     0.0018400230765125496    0.010507999999999998     -6949.5190459811065
0.0013348878604857856     0.0017800461530250995    0.010507999999999998     -7010.534350756908
0.0013750000000000001     0.0018999999999999996    0.010508                 -7124.367279506907
0.0013861939302428929     0.0018400230765125494    0.010508                 -7180.053592945745
0.0014375                 0.0018999999999999996    0.010507999999999998     -7323.327296001381
8.328618602814163E-4      0.001072378110178123     0.010508                 -3645.636036902305
8.303111589873246E-4      0.0010379266743056387    0.010508                 -3610.2405937875433
8.771707936917079E-4      0.0010536321638880664    0.010508                 -4072.159197646413
8.746200923976162E-4      0.001019180728015582     0.010508                 -4023.4180790755318
8.27760457693233E-4       0.0010034752384331543    0.010508                 -3586.350123691939
8.720693911035246E-4      9.847292921430976E-4     0.010508000000000002     -3999.7536628265457
8.252097563991414E-4      9.690238025606699E-4     0.010508                 -3562.420163941473
8.69518689809433E-4       9.502778562706131E-4     0.010508                 -3976.034905814865
8.226590551050498E-4      9.345723666881855E-4     0.010508                 -3538.4507145361454
8.669679885153414E-4      9.158264203981288E-4     0.010508                 -3952.261808040489
8.201083538109582E-4      9.001209308157011E-4     0.010508                 -3514.441775475956
8.644172872212499E-4      8.813749845256445E-4     0.010508000000000002     -3928.4343695034186
8.175576525168666E-4      8.656694949432167E-4     0.010508                 -3490.393346760906
8.618665859271582E-4      8.4692354865316E-4       0.010508                 -3904.5525902036525
8.15006951222775E-4       8.312180590707324E-4     0.010508                 -3466.305428390993
9.214797271019995E-4      0.0010348862175980095    0.010508                 -4458.4090147346615
9.189290258079079E-4      0.0010004347817255254    0.010508                 -4419.564180442889
9.163783245138162E-4      9.659833458530408E-4     0.010508                 -4396.796172865585
9.138276232197246E-4      9.315319099805564E-4     0.010508                 -4373.973824525585
9.11276921925633E-4       8.97080474108072E-4      0.010508                 -4351.0971354228905
9.087262206315415E-4      8.626290382355878E-4     0.010508                 -4328.1661055575
9.657886605122911E-4      0.0010161402713079531    0.010508                 -4829.180611421436
9.632379592181995E-4      9.816888354354687E-4     0.010508                 -4800.964692200915
9.606872579241079E-4      9.472373995629842E-4     0.010508                 -4779.0930932952915
9.581365566300162E-4      9.127859636904998E-4     0.010508                 -4757.167153626973
9.555858553359246E-4      8.783345278180155E-4     0.010508                 -4735.18687319596
0.0010100975939225827     9.973943250178962E-4     0.010508                 -5184.473987706737
0.001007546892628491      9.629428891454119E-4     0.010508                 -5167.619614349611
0.0010049961913343995     9.284914532729275E-4     0.010508                 -5146.644424115668
0.0010024454900403078     8.940400174004431E-4     0.010508                 -5125.614893119031
0.0010544065273328743     9.786483787278394E-4     0.010508                 -5524.289143590564
0.0010518558260387827     9.441969428553551E-4     0.010508                 -5519.528946888975
0.001049305124744691      9.097455069828707E-4     0.010508                 -5499.450165326714
0.001098715460743166      9.59902432437783E-4      0.010508                 -5848.6260790729175
0.0010961647594490743     9.254509965652986E-4     0.010508                 -5856.692689819009
0.0011430243941534576     9.411564861477262E-4     0.010508                 -6157.4847941537955
8.649480579891321E-4      0.0011158539229184075    0.010508                 -3968.0201799429233
9.092569913994237E-4      0.0010971079766283508    0.010508                 -4377.1196175205405
9.535659248097153E-4      0.0010783620303382942    0.010508000000000002     -4742.690913013657
9.97874858220007E-4       0.0010596160840482375    0.010508                 -5092.0513573131575
0.0010421837916302986     0.001040870137758181     0.010508                 -5425.200950419039
0.0010864927250405902     0.001022124191468124     0.010508000000000002     -5742.139692331305
0.0011308016584508818     0.0010033782451780676    0.010508                 -6042.867583049954
8.970342556968478E-4      0.0011593297356586921    0.010508                 -4256.165548895391
9.413431891071394E-4      0.0011405837893686355    0.010508                 -4648.535671505464
9.856521225174312E-4      0.0011218378430785788    0.010508                 -5002.428321010875
0.0010299610559277228     0.001103091896788522     0.010508                 -5340.110119322671
0.0010742699893380144     0.0010843459504984653    0.010508                 -5661.581066440851
0.001118578922748306      0.0010656000042084087    0.010508                 -5966.84116236541
9.291204534045635E-4      0.0012028055483989768    0.010508                 -4536.961361990029
9.734293868148552E-4      0.00118405960210892      0.010508                 -4911.538402685773
0.0010177383202251468     0.0011653136558188633    0.010508                 -5253.752406203482
0.0010620472536354384     0.0011465677095288066    0.010508                 -5579.755558527573
0.00110635618704573       0.00112782176323875      0.010508                 -5889.547859658046
9.612066511122794E-4      0.0012462813611392614    0.010508                 -4810.4076192268385
0.001005515584522571      0.0012275354148492046    0.010508                 -5166.127811061471
0.0010498245179328626     0.001208789468559148     0.010508                 -5496.6631685914745
0.0010941334513431542     0.0011900435222690913    0.010508                 -5810.98767492786
9.932928488199952E-4      0.0012897571738795458    0.010508                 -5076.504320605818
0.0010376017822302868     0.0012710112275894892    0.010508                 -5412.303896632556
0.0010819107156405784     0.0012522652812994323    0.010508                 -5731.160608174855
0.0010253790465277108     0.0013332329866198305    0.010508                 -5335.251466126969
0.0010696879799380024     0.0013144870403297738    0.010508                 -5650.066659399027
0.0010574652442354266     0.001376708799360115     0.010508                 -5586.649055790292
7.912541277462393E-4      0.0011174975130725244    0.010508                 -3197.949307839701
8.233403254539551E-4      0.0011609733258128088    0.010508                 -3530.346560329763
8.554265231616707E-4      0.0012044491385530935    0.010508000000000002     -3830.474946210016
8.875127208693866E-4      0.0012479249512933781    0.010508                 -4124.317543179224
9.195989185771024E-4      0.0012914007640336626    0.010508                 -4411.874351237387
9.516851162848182E-4      0.0013348765767739472    0.010508000000000002     -4693.1453703845045
9.837713139925338E-4      0.0013783523895142316    0.010508                 -4968.130600620578
0.0010158575117002497     0.0014218282022545163    0.010508                 -5221.014755765807
7.496463952110622E-4      0.0011626169159669256    0.010508                 -2762.840548009377
7.81732592918778E-4       0.0012060927287072102    0.010508                 -3112.581118572952
8.138187906264938E-4      0.0012495685414474949    0.010508                 -3419.6418524011515
8.459049883342095E-4      0.0012930443541877793    0.010508                 -3720.4167973183057
8.779911860419253E-4      0.001336520166928064     0.010508                 -4014.905953324416
9.100773837496411E-4      0.0013799959796683484    0.010508                 -4303.10932041948
9.421635814573569E-4      0.001423471792408633     0.010508                 -4578.038681971431
7.080386626758851E-4      0.001207736318861327     0.010508                 -2322.7575145082214
7.401248603836009E-4      0.0012512121316016114    0.010508                 -2687.406563781607
7.722110580913168E-4      0.001294687944341896     0.010508                 -3001.3996455577535
8.042972557990324E-4      0.0013381637570821807    0.010508                 -3309.106938422855
8.363834535067482E-4      0.0013816395698224653    0.010508                 -3610.5284423769112
8.68469651214464E-4       0.0014251153825627497    0.010508                 -3906.518158032308
6.664309301407081E-4      0.0012528557217557283    0.010508                 -1877.700207336235
6.98517127848424E-4       0.0012963315344960127    0.010508                 -2254.822895955729
7.306033255561397E-4      0.0013398073472362974    0.010508                 -2575.7483256798223
7.626895232638554E-4      0.0013832831599765818    0.010508                 -2890.387966492869
7.947757209715712E-4      0.0014267589727168664    0.010508                 -3206.45318394844
6.248231976055312E-4      0.0012979751246501295    0.010508                 -1427.6686264934176
6.569093953132469E-4      0.001341450937390414     0.010508                 -1814.8301150953178
6.889955930209626E-4      0.0013849267501306987    0.010508                 -2142.6878927673565
7.210817907286784E-4      0.0014284025628709832    0.010508                 -2477.8437597198263
5.832154650703541E-4      0.0013430945275445308    0.010508                 -972.6627719797691
6.153016627780698E-4      0.0013865703402848152    0.010508                 -1367.4282212003723
6.473878604857856E-4      0.0014300461530250999    0.010508                 -1720.6898853464677
5.41607732535177E-4       0.001388213930438932     0.010508                 -512.6826437952891
5.736939302428928E-4      0.0014316897431792166    0.010508                 -934.9915608283629
5.0E-4                    0.0014333333333333333    0.010508                 -60.37439308275661
0.001004663581457357      0.0014818051257419662    0.010508                 -5121.055613248863
9.934696512144642E-4      0.0015417820492294163    0.010508000000000002     -5036.12788269196
9.822757209715712E-4      0.0016017589727168663    0.010508                 -4950.416277915304
9.710817907286784E-4      0.0016617358962043164    0.010508                 -4863.920798918894
9.598878604857857E-4      0.0017217128196917663    0.010508000000000002     -4776.6414457027295
9.486939302428929E-4      0.0017816897431792162    0.010508                 -4688.57821826681
9.375E-4                  0.0018416666666666664    0.010508                 -4631.251917998567
9.309696512144641E-4      0.001483448715896083     0.010508                 -4482.083621983387
9.197757209715712E-4      0.001543425639383533     0.010508                 -4392.332904407662
9.085817907286785E-4      0.001603402562870983     0.010508                 -4301.798312612181
8.973878604857856E-4      0.0016633794863584331    0.010508                 -4210.479846596946
8.861939302428928E-4      0.001723356409845883     0.010508                 -4118.377506361958
8.75E-4                   0.001783333333333333     0.010508                 -4033.2898347037485
8.572757209715713E-4      0.0014850923060501999    0.010508                 -3813.582328269896
8.460817907286783E-4      0.0015450692295376498    0.010508                 -3719.0086236753455
8.348878604857856E-4      0.0016050461530250997    0.010508                 -3623.6510448610397
8.236939302428928E-4      0.0016650230765125498    0.010508                 -3527.5095918269794
8.125000000000001E-4      0.0017249999999999998    0.010508                 -3417.589808994203
7.835817907286785E-4      0.0014867358962043164    0.010508                 -3115.551732108385
7.723878604857856E-4      0.0015467128196917665    0.010508                 -3016.1550404950094
7.611939302428928E-4      0.0016066897431792164    0.010508                 -2915.9744746618785
7.5E-4                    0.0016666666666666666    0.010508                 -2784.1518408699267
7.098878604857857E-4      0.0014883794863584333    0.010508                 -2387.9918334988547
6.986939302428928E-4      0.0015483564098458832    0.010508                 -2283.772154866653
6.875E-4                  0.0016083333333333331    0.010508                 -2132.975930330922
6.361939302428929E-4      0.0014900230765125498    0.010508                 -1630.9026324413053
6.25E-4                   0.00155                  0.010508                 -1464.0620773771889
5.625000000000001E-4      0.0014916666666666665    0.010508                 -777.4102820087262
5.0E-4                    9.666666666666669E-4     0.010508                 -24.075466028578905
5.41607732535177E-4       9.79880597105599E-4      0.010508                 -497.54310162969824
5.0E-4                    0.0010250000000000003    0.010508                 0
5.41607732535177E-4       0.0010382139304389321    0.010508                 -461.49620192392376
5.832154650703541E-4      9.93094527544531E-4      0.010508                 -955.2407178328575
5.832154650703542E-4      0.0010514278608778642    0.010508000000000002     -920.2063474989652
6.248231976055312E-4      0.0010063084579834628    0.010508                 -1409.206047652346
6.248231976055312E-4      0.0010646417913167962    0.010508                 -1376.1304367251244
6.664309301407081E-4      0.001019522388422395     0.010508                 -1859.4390910881634
6.664309301407081E-4      0.0010778557217557283    0.010508                 -1829.268469602401
7.080386626758851E-4      0.001032736318861327     0.010508                 -2305.9398481403105
7.080386626758851E-4      0.0010910696521946603    0.010508000000000002     -2279.6204461307952
7.496463952110622E-4      0.001045950249300259     0.010508                 -2748.708318808788
7.496463952110623E-4      0.0011042835826335922    0.010508                 -2727.186366310307
7.912541277462393E-4      0.001059164179739191     0.010508                 -3187.7445030935933
5.0E-4                    0.0010833333333333335    0.010508                 0
5.41607732535177E-4       0.0010965472637722655    0.010508                 -461.372890903047
5.832154650703541E-4      0.0011097611942111976    0.010508                 -919.9597254572114
6.24823197605531E-4       0.0011229751246501296    0.010508                 -1375.7605036624939
6.664309301407081E-4      0.0011361890550890615    0.010508                 -1828.7752255188936
7.080386626758852E-4      0.0011494029855279937    0.010508                 -2279.0038910264107
5.0E-4                    0.0011416666666666667    0.010508                 0
5.41607732535177E-4       0.001154880597105599     0.010508                 -461.2495798821701
5.832154650703541E-4      0.0011680945275445308    0.010508                 -919.7131034154578
6.248231976055312E-4      0.0011813084579834628    0.010508                 -1375.3905705998632
6.664309301407081E-4      0.0011945223884223949    0.010508                 -1828.281981435386
5.0E-4                    0.0012000000000000001    0.010508                 0
5.41607732535177E-4       0.0012132139304389322    0.010508                 -461.1262688612932
5.832154650703541E-4      0.0012264278608778642    0.010508                 -919.466481373704
6.248231976055312E-4      0.001239641791316796     0.010508                 -1375.0206375372327
5.0E-4                    0.0012583333333333335    0.010508                 0
5.41607732535177E-4       0.0012715472637722654    0.010508                 -461.00295784041634
5.832154650703541E-4      0.0012847611942111974    0.010508                 -919.2198593319505
5.0E-4                    0.0013166666666666667    0.010508                 0
5.41607732535177E-4       0.0013298805971055988    0.010508                 -460.87964681953963
5.0E-4                    0.001375                 0.010508                 0
7.887034264521477E-4      0.0010247127438667066    0.010508                 -3179.1197620307826
7.470956939169706E-4      0.0010114988134277746    0.010508000000000002     -2745.6062081668624
7.054879613817935E-4      9.982848829888425E-4     0.010508                 -2307.414137884482
6.638802288466165E-4      9.850709525499105E-4     0.010508                 -1864.5435511836426
6.222724963114395E-4      9.718570221109785E-4     0.010508000000000002     -1416.9944480643453
5.806647637762624E-4      9.586430916720466E-4     0.010508                 -964.7668285265888
5.390570312410855E-4      9.454291612331146E-4     0.010508                 -473.2695725864785
7.86152725158056E-4       9.902613079942222E-4     0.010508                 -3155.5552866144244
7.445449926228789E-4      9.770473775552902E-4     0.010508                 -2721.6973726046886
7.029372600877019E-4      9.638334471163581E-4     0.010508                 -2283.1609421764933
6.613295275525249E-4      9.506195166774263E-4     0.010508                 -1839.9459953298392
6.197217950173479E-4      9.374055862384943E-4     0.010508                 -1392.0525320647257
5.781140624821708E-4      9.241916557995622E-4     0.010508                 -907.030437279901
7.836020238639644E-4      9.558098721217378E-4     0.010508                 -3131.9661726510394
7.419942913287874E-4      9.425959416828058E-4     0.010508                 -2697.763898495487
7.003865587936103E-4      9.293820112438738E-4     0.010508                 -2258.883107921477
6.587788262584333E-4      9.161680808049418E-4     0.010508                 -1815.323800929007
6.171710937232563E-4      9.029541503660098E-4     0.010508                 -1337.3957931231353
7.810513225698728E-4      9.213584362492535E-4     0.010508                 -3108.352420140626
7.394435900346958E-4      9.081445058103215E-4     0.010508                 -2673.805785839258
6.978358574995187E-4      8.949305753713895E-4     0.010508                 -2234.5806351194315
6.562281249643416E-4      8.817166449324574E-4     0.010508                 -1764.3656401161818
7.785006212757811E-4      8.869070003767691E-4     0.010508                 -3084.714029083184
7.368928887406042E-4      8.736930699378371E-4     0.010508                 -2649.8230346360015
6.952851562054272E-4      8.604791394989051E-4     0.010508                 -2187.939978259041
7.759499199816895E-4      8.524555645042847E-4     0.010508                 -3061.0509994787135
7.343421874465125E-4      8.392416340653526E-4     0.010508                 -2608.1188075517116
7.733992186875979E-4      8.180041286318003E-4     0.010508                 -3024.9021279941944
5.0E-4                    0.0019                   0.010508                 0
5.0E-4                    0.0018416666666666666    0.010508                 0
5.625000000000001E-4      0.0018999999999999998    0.010508                 -712.6927252872729
5.625000000000001E-4      0.0018416666666666666    0.010508                 -712.3846838293363
5.0E-4                    0.0017833333333333334    0.010508                 0
5.625000000000001E-4      0.0017833333333333332    0.010508000000000002     -712.0766423713995
5.0E-4                    0.001725                 0.010508                 0
5.625000000000001E-4      0.001725                 0.010508                 -711.7686009134629
5.0E-4                    0.0016666666666666666    0.010508                 0
5.625000000000001E-4      0.0016666666666666666    0.010508                 -711.4605594555262
5.0E-4                    0.0016083333333333334    0.010508                 0
5.625000000000001E-4      0.0016083333333333331    0.010508000000000002     -711.1525179975895
5.0E-4                    0.00155                  0.010508                 0
5.625000000000001E-4      0.00155                  0.010508                 -710.8444765396526
5.0E-4                    0.0014916666666666667    0.010508                 0
6.25E-4                   0.0019                   0.010508                 -1409.9606854593383
6.25E-4                   0.0018416666666666666    0.010508                 -1409.344602543465
6.25E-4                   0.0017833333333333332    0.010508                 -1408.7285196275916
6.25E-4                   0.001725                 0.010508                 -1408.1124367117181
6.25E-4                   0.0016666666666666666    0.010508                 -1407.4963537958445
6.25E-4                   0.0016083333333333334    0.010508                 -1406.8802708799712
6.875E-4                  0.0018999999999999998    0.010508                 -2091.803880516197
6.875E-4                  0.0018416666666666666    0.010508                 -2090.8797561423858
6.875E-4                  0.0017833333333333332    0.010508                 -2089.955631768576
6.875E-4                  0.0017249999999999998    0.010508                 -2089.031507394766
6.875E-4                  0.0016666666666666666    0.010508                 -2088.1073830209557
7.5E-4                    0.0018999999999999998    0.010508                 -2758.2223104578457
7.5E-4                    0.0018416666666666664    0.010508                 -2756.9901446260997
7.5E-4                    0.001783333333333333     0.010508                 -2755.7579787943523
7.5E-4                    0.0017249999999999998    0.010508                 -2754.525812962606
8.125000000000001E-4      0.0018999999999999998    0.010508                 -3409.2159752842895
8.125000000000001E-4      0.0018416666666666664    0.010508                 -3407.675767994606
8.125000000000001E-4      0.001783333333333333     0.010508                 -3406.135560704922
8.75E-4                   0.0018999999999999996    0.010508                 -4044.7848749955238
8.75E-4                   0.0018416666666666664    0.010508                 -4042.9366262479034
9.375E-4                  0.0018999999999999998    0.010508                 -4664.92900959155
0.0020625                 5.000000000000001E-4     0.010508000000000002     -4562.809703182179
0.0020796564879067858     5.581269128531722E-4     0.010508000000000002     -4416.5071325250465
0.002125                  5.000000000000001E-4     0.010508                 -3974.399005454127
0.002142156487906786      5.581269128531722E-4     0.010508000000000002     -3822.769606798498
0.0021875                 5.0E-4                   0.010508                 -3367.585208656116
0.002204656487906786      5.581269128531722E-4     0.010508000000000002     -3210.628982001991
0.0022500000000000003     5.0E-4                   0.010508                 -2742.3683127881477
0.002267156487906786      5.581269128531722E-4     0.010508000000000002     -2580.0852581355252
0.0023125000000000003     5.0E-4                   0.010508                 -2098.7483178502202
0.002329656487906786      5.581269128531722E-4     0.010508000000000002     -1931.138435199102
0.002375                  5.0E-4                   0.010508                 -1436.7252238423366
0.002392156487906786      5.581269128531721E-4     0.010508                 -1263.7885131927221
0.0024375000000000004     5.0E-4                   0.010508                 -756.2990307644952
0.002454656487906786      5.581269128531721E-4     0.010508                 -548.4921609101127
0.0025                    5.0E-4                   0.010508                 -28.734869308346994
0.0020968129758135714     6.162538257063443E-4     0.010508                 -4268.666809317773
0.0021593129758135715     6.162538257063443E-4     0.010508                 -3669.602455592728
0.0022218129758135715     6.162538257063443E-4     0.010508                 -3052.1350027977237
0.0022843129758135716     6.162538257063443E-4     0.010508                 -2416.2644509327624
0.0023468129758135716     6.162538257063443E-4     0.010508                 -1761.990799997843
0.0024093129758135713     6.162538257063443E-4     0.010508                 -1060.5945350969796
0.0021139694637203575     6.743807385595165E-4     0.010508                 -4119.288733560358
0.002176469463720357      6.743807385595165E-4     0.010508                 -3514.8975518368156
0.002238969463720357      6.743807385595165E-4     0.010508                 -2892.103271043315
0.0023014694637203572     6.743807385595164E-4     0.010508                 -2250.905891179857
0.0023639694637203573     6.743807385595164E-4     0.010508                 -1565.0419918689465
0.0021311259516271427     7.325076514126886E-4     0.010508                 -3968.3729052528024
0.002193625951627143      7.325076514126886E-4     0.010508                 -3358.654895530763
0.002256125951627143      7.325076514126886E-4     0.010508                 -2730.533786738766
0.002318625951627143      7.325076514126886E-4     0.010508                 -2061.8345312260153
0.002148282439533929      7.906345642658607E-4     0.010508                 -3815.919324395103
0.0022107824395339285     7.906345642658607E-4     0.010508                 -3200.8744866745687
0.0022732824395339285     7.906345642658607E-4     0.010508                 -2550.9721531681835
0.0021654389274407145     8.487614771190328E-4     0.010508                 -3661.9279909872644
0.0022279389274407146     8.487614771190328E-4     0.010508                 -3032.454857695453
0.0021825954153475        9.068883899722049E-4     0.010508                 -3506.2826448078235
0.0024999999999999996     9.083333333333333E-4     0.010507999999999998     -6.784850893091582E-13
0.0024546564879067852     9.081269128531722E-4     0.010507999999999998     -519.4458817881957
0.002409312975813571      9.079204923730111E-4     0.010507999999999998     -1032.7034403415812
0.002363969463720357      9.077140718928497E-4     0.010507999999999998     -1539.7726756601571
0.0023186259516271425     9.075076514126887E-4     0.010507999999999998     -2040.6535877439235
0.0022732824395339285     9.073012309325273E-4     0.010508                 -2535.34617659288
0.002227938927440714      9.070948104523662E-4     0.010507999999999998     -3023.850442207027
0.0024999999999999996     8.5E-4                   0.010507999999999997     -2.13829761590008E-13
0.0024546564879067852     8.497935795198389E-4     0.010507999999999997     -519.3630397741368
0.0024093129758135713     8.495871590396776E-4     0.010508                 -1032.537756313464
0.0023639694637203573     8.493807385595164E-4     0.010508                 -1539.5241496179808
0.002318625951627143      8.491743180793552E-4     0.010508                 -2040.3222196876886
0.0022732824395339285     8.48967897599194E-4      0.010508                 -2534.931966522586
0.0024999999999999996     7.916666666666666E-4     0.010507999999999997     -6.7594128315701056E-15
0.0024546564879067857     7.914602461865055E-4     0.010507999999999998     -519.2801977600778
0.0024093129758135713     7.912538257063442E-4     0.010507999999999998     -1032.3720722853461
0.002363969463720357      7.910474052261831E-4     0.010507999999999998     -1539.275623575805
0.002318625951627143      7.908409847460218E-4     0.010508                 -2039.990851631454
0.0024999999999999996     7.333333333333333E-4     0.010507999999999998     4.6170114283814E-13
0.0024546564879067857     7.331269128531721E-4     0.010507999999999998     -519.1973557460188
0.0024093129758135717     7.329204923730109E-4     0.010508                 -1032.2063882572286
0.002363969463720357      7.327140718928497E-4     0.010508                 -1539.0270975336286
0.0025                    6.75E-4                  0.010508                 8.196318674758651E-13
0.0024546564879067857     6.747935795198388E-4     0.010508                 -519.1145137319598
0.0024093129758135717     6.745871590396776E-4     0.010508                 -1032.040704229111
0.0024999999999999996     6.166666666666666E-4     0.010507999999999998     1.0340230552960847E-12
0.0024546564879067857     6.164602461865055E-4     0.010507999999999998     -519.0316717179011
0.0025                    5.583333333333333E-4     0.010508                 1.5648714809982534E-12
7.733992186875979E-4      7.596707952984669E-4     0.010508                 -3028.0463833715394
7.343421874465125E-4      7.809083007320192E-4     0.010508                 -2591.1252764034452
6.952851562054272E-4      8.021458061655718E-4     0.010508000000000002     -2166.212521235836
6.562281249643416E-4      8.233833115991241E-4     0.010508                 -1738.5231830417083
6.171710937232563E-4      8.446208170326765E-4     0.010508                 -1308.0572618210608
5.781140624821709E-4      8.658583224662288E-4     0.010508000000000002     -874.8147575738935
5.390570312410854E-4      8.870958278997811E-4     0.010508                 -438.79567030020644
5.0E-4                    9.083333333333335E-4     0.010508                 0
7.343421874465125E-4      7.225749673986859E-4     0.010508                 -2613.991428327878
6.952851562054271E-4      7.438124728322384E-4     0.010508                 -2166.7986097239504
6.562281249643417E-4      7.650499782657907E-4     0.010508                 -1738.9920538321999
6.171710937232563E-4      7.86287483699343E-4      0.010508                 -1308.4089149139293
5.781140624821708E-4      8.075249891328955E-4     0.010508                 -875.0491929691392
5.390570312410854E-4      8.287624945664478E-4     0.010508                 -438.91288799782933
5.0E-4                    8.500000000000002E-4     0.010508                 0
6.952851562054272E-4      6.85479139498905E-4      0.010508                 -2195.163194276104
6.562281249643416E-4      7.067166449324573E-4     0.010508                 -1739.4609246226914
6.171710937232563E-4      7.279541503660096E-4     0.010508                 -1308.760568006798
5.781140624821709E-4      7.49191655799562E-4      0.010508                 -875.2836283643849
5.390570312410854E-4      7.704291612331145E-4     0.010508                 -439.0301056954523
5.0E-4                    7.916666666666669E-4     0.010508                 0
6.562281249643416E-4      6.48383311599124E-4      0.010508                 -1771.5616812162193
6.171710937232563E-4      6.696208170326763E-4     0.010508                 -1309.1122210996664
5.781140624821708E-4      6.908583224662288E-4     0.010508                 -875.5180637596306
5.390570312410854E-4      7.120958278997811E-4     0.010508                 -439.1473233930751
5.0E-4                    7.333333333333334E-4     0.010508                 0
6.171710937232563E-4      6.11287483699343E-4      0.010508                 -1343.1868891482218
5.781140624821709E-4      6.325249891328954E-4     0.010508                 -875.7524991548764
5.390570312410854E-4      6.537624945664477E-4     0.010508                 -439.264541090698
5.0E-4                    6.75E-4                  0.010508                 0
5.781140624821708E-4      5.741916557995619E-4     0.010508                 -910.038818072112
5.390570312410854E-4      5.954291612331144E-4     0.010508                 -439.3817587883209
5.0E-4                    6.166666666666667E-4     0.010508                 0
5.390570312410855E-4      5.37095827899781E-4      0.010508                 -472.1174679878907
5.0E-4                    5.583333333333334E-4     0.010508                 0
5.0E-4                    5.0E-4                   0.010508                 -29.422838895557334
7.968421874465125E-4      7.22574967398686E-4      0.010508                 -3271.8049715525294
7.577851562054271E-4      6.85479139498905E-4      0.010508000000000002     -2869.742796167185
7.187281249643417E-4      6.483833115991241E-4     0.010508                 -2461.145081187382
6.796710937232562E-4      6.11287483699343E-4      0.010508                 -2046.0118266131203
6.406140624821709E-4      5.741916557995619E-4     0.010508000000000002     -1624.3430324444003
6.015570312410854E-4      5.370958278997811E-4     0.010508                 -1196.1386986812213
5.625E-4                  5.0E-4                   0.010508                 -761.3988253235839
8.202851562054271E-4      6.854791394989051E-4     0.010508000000000002     -3497.5932662404184
7.812281249643417E-4      6.48383311599124E-4      0.010508                 -3100.1459596017007
7.421710937232562E-4      6.11287483699343E-4      0.010508                 -2696.163113368525
7.031140624821708E-4      5.741916557995619E-4     0.010508                 -2285.6447275408905
6.640570312410854E-4      5.37095827899781E-4      0.010508000000000002     -1868.5908021187977
6.249999999999999E-4      5.0E-4                   0.010508                 -1445.0013371022458
8.437281249643416E-4      6.48383311599124E-4      0.010508                 -3720.196202262213
8.046710937232562E-4      6.11287483699343E-4      0.010508                 -3327.3637643701227
7.656140624821708E-4      5.741916557995619E-4     0.010508                 -2927.995786883574
7.265570312410853E-4      5.370958278997811E-4     0.010508                 -2522.0922698025665
6.875E-4                  5.0E-4                   0.010508                 -2109.653213127101
8.671710937232562E-4      6.11287483699343E-4      0.010508                 -3939.6137796179137
8.281140624821707E-4      5.741916557995619E-4     0.010508                 -3551.39621047245
7.890570312410854E-4      5.37095827899781E-4      0.010508                 -3156.643101732528
7.499999999999999E-4      5.0E-4                   0.010508                 -2755.354453398147
8.906140624821708E-4      5.741916557995619E-4     0.010508                 -4155.845998307519
8.515570312410853E-4      5.37095827899781E-4      0.010508                 -3772.2432979086834
8.124999999999999E-4      5.0E-4                   0.010508                 -3382.1050579153884
9.140570312410853E-4      5.37095827899781E-4      0.010508                 -4368.89285833103
8.749999999999998E-4      5.0E-4                   0.010508                 -3989.905026678821
9.374999999999997E-4      5.0E-4                   0.010508000000000002     -4578.754359688445
