% Model:              stripline_filter_simple_decomp_new_mesh.mph
% Version:            COMSOL 6.1.0.252
% Date:               May 4 2023, 12:49
% Dimension:          3
% Nodes:              953
% Expressions:        1
% Description:        Surface
% X                       Y                        Z                        imag(emw.Ez)
0.0019354009108757384     0.0012544340293143602    0.010508                 78.15503853332204
0.001960632284923057      0.0012182566885032373    0.010508                 134.63917990168582
0.0020059757970162712     0.0012767964423167318    0.010508                 67.94479400576823
0.0020312071710635897     0.001240619101505609     0.010508                 91.11328420029058
0.0019858636589703753     0.0011820793476921144    0.010508                 155.92761449776305
0.0020564385451109076     0.001204441760694486     0.010508000000000002     103.98493258820093
0.0020110950330176937     0.0011459020068809915    0.010508                 166.26213543313105
0.0020816699191582265     0.0011682644198833631    0.010508                 104.76456247602673
0.002036326407065012      0.0011097246660698686    0.010508                 165.64274270778947
0.002106901293205545      0.0011320870790722402    0.010508                 93.45217386376834
0.0020615577811123305     0.0010735473252587457    0.010508                 154.06943632173846
0.002132132667252863      0.0010959097382611173    0.010508000000000002     70.04776675142463
0.002086789155159649      0.0010373699844476228    0.010508                 131.54221627497947
0.0021573640413001817     0.0010597323974499947    0.010508                 34.55134113899766
0.0021120205292069674     0.0010011926436365       0.010508                 98.06108256750943
0.0021825954153475        0.0010235550566388718    0.010508                 -14.239667915278346
0.0021372519032542858     9.650153028253771E-4     0.010508                 25.263439292274864
0.002076550683156804      0.0012991588553191034    0.010508                 -3.9820663195784505
0.002101782057204122      0.0012629815145079808    0.010508                 5.9697616444019275
0.002127013431251441      0.0012268041736968579    0.010508                 4.378941069302016
0.0021522448052987593     0.0011906268328857347    0.010508                 -9.303898005882672
0.0021774761793460777     0.001154449492074612     0.010508                 -35.07875558115313
0.0022027075533933957     0.0011182721512634892    0.010508                 -72.94563165650771
0.0022279389274407146     0.0010820948104523663    0.010508                 -120.3854940609099
0.0021471255692973364     0.0013215212683214753    0.010508                 -54.24203115505097
0.002172356943344655      0.0012853439275103524    0.010508                 -57.56590282398852
0.0021975883173919733     0.0012491665866992295    0.010508                 -73.61919236209923
0.0022228196914392917     0.0012129892458881066    0.010508                 -101.76450040029513
0.00224805106548661       0.0011768119050769837    0.010508                 -142.0018269385754
0.0022732824395339285     0.0011406345642658608    0.010508                 -188.51461083124326
0.0022177004554378692     0.0013438836813238469    0.010508                 -82.83510050064959
0.0022429318294851877     0.001307706340512724     0.010508                 -99.49370920487962
0.002268163203532506      0.001271528999701601     0.010508                 -130.00946770600171
0.0022933945775798245     0.0012353516588904782    0.010508                 -172.61724470720822
0.002318625951627143      0.0011991743180793553    0.010508                 -218.62701822627696
0.002288275341578402      0.0013662460943262185    0.010508                 -89.76127435637412
0.0023135067156257205     0.0013300687535150956    0.010508                 -119.81365749827299
0.002338738089673039      0.0012938914127039727    0.010508                 -164.79188496240505
0.0023639694637203573     0.0012577140718928498    0.010508                 -210.7227162460128
0.0023588502277189344     0.00138860850732859      0.010508                 -75.02055272222475
0.002384081601766253      0.0013524311665174672    0.010508                 -118.52574770416726
0.0024093129758135713     0.0013162538257063443    0.010508                 -164.80170489044875
0.0024294251138594677     0.0014109709203309617    0.010508                 -38.61293559820143
0.002454656487906786      0.0013747935795198388    0.010508                 -80.86398415958604
0.0025                    0.0014333333333333333    0.010508                 6.130042596322511
0.001901236236607809      0.0012086840128934593    0.010508                 20.394775760362485
0.0019264676106551274     0.0011725066720823364    0.010508                 41.74540074193507
0.0018670715623398796     0.0011629339964725584    0.010508                 2.8545798609618203
0.0018923029363871978     0.0011267566556614355    0.010508000000000002     24.209572499308877
0.0018329068880719498     0.0011171839800516578    0.010508                 -2.662248361476358
0.0018581382621192684     0.0010810066392405347    0.010508                 18.806210231814134
0.0017987422138040204     0.001071433963630757     0.010508                 3.8442910930479997
0.001823973587851339      0.0010352566228196338    0.010508                 25.535313939451726
0.001764577539536091      0.001025683947209856     0.010508                 22.374198224533885
0.0017898089135834092     9.895066063987331E-4     0.010508000000000002     44.39688362222182
0.0017304128652681616     9.799339307889551E-4     0.010508                 52.927473032982306
0.0017556442393154798     9.437565899778322E-4     0.010508                 75.3909192801234
0.001696248191000232      9.341839143680543E-4     0.010508                 95.50411551839252
0.0017214795650475504     8.980065735569314E-4     0.010508                 25.569635089538565
0.0016620835167323025     8.884338979471534E-4     0.010508                 34.00287043781086
0.0019516989847024459     0.0011363293312712135    0.010508                 56.407258113378305
0.0019175343104345165     0.0010905793148503126    0.010508                 38.2905354009614
0.0018833696361665866     0.0010448292984294118    0.010508                 32.30627866367695
0.0018492049618986572     9.99079282008511E-4      0.010508                 38.45448790152432
0.0018150402876307278     9.533292655876102E-4     0.010508                 56.73516311450476
0.0017808756133627984     9.075792491667093E-4     0.010508                 11.749464489486854
0.0019769303587497643     0.0011001519904600906    0.010508                 61.253306663487024
0.0019427656844818349     0.0010544019740391897    0.010508                 42.555689481280524
0.0019086010102139052     0.001008651957618289     0.010508                 35.990538274205846
0.0018744363359459758     9.629019411973882E-4     0.010508                 41.55785304226356
0.0018402716616780462     9.171519247764873E-4     0.010508                 3.082843706329186
0.0020021617327970827     0.0010639746496489677    0.010508                 56.28354639226211
0.001967997058529153      0.001018224633228067     0.010508                 37.00503474026573
0.0019338323842612237     9.724746168071662E-4     0.010508                 29.858989063402532
0.001899667709993294      9.267246003862653E-4     0.010508                 -0.430227259935009
0.002027393106844401      0.0010277973088378448    0.010508                 41.497977299703734
0.0019932284325764717     9.820472924169442E-4     0.010508                 21.63857117791713
0.001959063758308542      9.362972759960432E-4     0.010508                 1.21025159069427
0.0020526244808917195     9.916199680267222E-4     0.010508                 16.89659938581144
0.00201845980662379       9.458699516058212E-4     0.010508                 8.004280258218273
0.002077855854939038      9.554426272155992E-4     0.010508                 19.951858742635466
0.0024999999999999996     9.666666666666667E-4     0.010507999999999997     -178.85032387510023
0.0024999999999999996     0.0010249999999999999    0.010507999999999998     -442.9072676319766
0.0024546564879067857     9.664602461865055E-4     0.010507999999999998     -154.90007589905792
0.0024546564879067857     0.0010247935795198388    0.010507999999999998     -379.5283579800217
0.0024999999999999996     0.0010833333333333333    0.010507999999999997     -368.667826234811
0.0024546564879067857     0.0010831269128531722    0.010507999999999998     -324.9405354167559
0.0024999999999999996     0.0011416666666666667    0.010507999999999997     -295.3681558973908
0.0024546564879067857     0.0011414602461865054    0.010507999999999998     -271.29248391323557
0.0024999999999999996     0.0012000000000000001    0.010507999999999998     -223.00825661971575
0.0024546564879067857     0.0011997935795198388    0.010507999999999998     -218.58420346946065
0.0025                    0.0012583333333333333    0.010508                 -151.5881284017855
0.002454656487906786      0.0012581269128531722    0.010508                 -166.81569408543157
0.0024999999999999996     0.0013166666666666667    0.010507999999999998     -81.10777124360112
0.0024546564879067857     0.0013164602461865054    0.010507999999999998     -115.9869557611473
0.0025                    0.001375                 0.010508                 -11.567185145162405
0.0024093129758135713     9.662538257063443E-4     0.010507999999999997     -130.77936479722612
0.0024093129758135713     0.0010245871590396777    0.010507999999999997     -316.92027369895914
0.0024093129758135713     0.0010829204923730109    0.010508                 -281.98406996959494
0.0024093129758135713     0.0011412538257063443    0.010508                 -247.98763729997447
0.0024093129758135713     0.0011995871590396777    0.010508                 -214.93097569009944
0.0024093129758135713     0.001257920492373011     0.010508                 -182.81408513997033
0.002363969463720357      9.660474052261832E-4     0.010507999999999997     -106.48819056960463
0.002363969463720357      0.0010243807385595164    0.010507999999999998     -255.08301478879042
0.002363969463720357      0.0010827140718928498    0.010507999999999998     -239.7984298933247
0.002363969463720357      0.0011410474052261832    0.010507999999999998     -225.4536160576052
0.0023639694637203573     0.0011993807385595164    0.010508                 -212.0485732816307
0.002318625951627143      9.658409847460218E-4     0.010507999999999998     -82.02655321619312
0.002318625951627143      0.0010241743180793553    0.010507999999999998     -194.01658124951365
0.002318625951627143      0.0010825076514126887    0.010508                 -198.38361518794898
0.002318625951627143      0.0011408409847460219    0.010508                 -203.6904201861293
0.0022732824395339285     9.656345642658606E-4     0.010508                 -57.39445273699221
0.0022732824395339285     0.001023967897599194     0.010508                 -133.72097308112927
0.0022732824395339285     0.0010823012309325274    0.010508                 -157.7396258534648
0.002227938927440714      9.654281437856994E-4     0.010507999999999998     -32.5918891320006
0.002227938927440714      0.0010237614771190329    0.010507999999999998     -74.19619028363795
0.0021825954153475        9.652217233055383E-4     0.010508                 -7.618862401220383
0.0019434757970162712     0.001335129775650065     0.010508                 19.849189404674718
0.002014050683156804      0.0013574921886524366    0.010508                 11.565825904445973
0.0020846255692973364     0.0013798546016548082    0.010508000000000002     -20.67212493224587
0.002155200455437869      0.0014022170146571799    0.010508                 -31.184142876688245
0.002225775341578402      0.0014245794276595515    0.010508                 -19.97022792888118
0.002296350227718935      0.0014469418406619235    0.010508000000000002     12.969619911175442
0.0023669251138594676     0.0014693042536642951    0.010508                 67.63540064348109
0.0024375000000000004     0.0014916666666666667    0.010508                 110.12855770605267
0.001951550683156804      0.00141582552198577      0.010508                 -20.09360368835459
0.0020221255692973363     0.0014381879349881417    0.010508                 -38.48741312727958
0.002092700455437869      0.0014605503479905135    0.010508                 -29.79064774284791
0.002163275341578402      0.001482912760992885     0.010508                 0.6320505338329099
0.0022338502277189348     0.0015052751739952567    0.010508                 52.78068170276333
0.0023044251138594676     0.0015276375869976283    0.010508                 126.6552457639437
0.002375                  0.00155                  0.010508                 197.56631365346402
0.0019596255692973363     0.001496521268321475     0.010508                 -53.618386778840375
0.002030200455437869      0.0015188836813238467    0.010508                 -80.41974639593559
0.002100775341578402      0.0015412460943262183    0.010508                 -30.788264790380936
0.0021713502277189347     0.00156360850732859      0.010508                 40.56914970742332
0.0022419251138594675     0.0015859709203309615    0.010508                 133.65249709747718
0.0023125000000000003     0.0016083333333333331    0.010508                 233.48290708830237
0.001967700455437869      0.00157721701465718      0.010508                 -80.72515986678764
0.002038275341578402      0.0015995794276595517    0.010508                 -114.23117390152277
0.0021088502277189346     0.0016219418406619233    0.010508                 -23.664976074843707
0.0021794251138594675     0.001644304253664295     0.010508                 88.62715464408438
0.0022500000000000003     0.0016666666666666666    0.010508                 217.87833801056962
0.0019757753415784018     0.0016579127609928847    0.010508                 -101.41392295219197
0.0020463502277189346     0.0016802751739952565    0.010508                 -139.9216956440397
0.0021169251138594674     0.0017026375869976281    0.010508                 -8.420781596237589
0.0021875                 0.0017249999999999998    0.010508                 150.75260642026447
0.0019838502277189345     0.00173860850732859      0.010508                 -115.68467603505471
0.0020544251138594673     0.0017609709203309616    0.010508                 -157.4913116234868
0.002125                  0.0017833333333333332    0.010508                 32.10571231738891
0.0019919251138594673     0.001819304253664295     0.010508                 -123.53741911537747
0.0020625                 0.0018416666666666666    0.010508                 -138.0623442980613
0.002                     0.0018999999999999998    0.010508                 -96.08890670631547
0.0025                    0.0019                   0.010508                 636.771334629233
0.0024375000000000004     0.0018999999999999998    0.010508                 504.48128803021154
0.0025                    0.0018416666666666666    0.010508                 541.3100230275244
0.0024375                 0.0018416666666666666    0.010508                 437.35797440596207
0.002375                  0.0019                   0.010508                 375.86598669629166
0.002375                  0.0018416666666666666    0.010508000000000002     337.0806710495026
0.0023125000000000003     0.0018999999999999998    0.010508                 250.92543062747427
0.0023125                 0.0018416666666666666    0.010508                 240.47811295814608
0.0022500000000000003     0.0018999999999999998    0.010508                 129.6596198237621
0.00225                   0.0018416666666666666    0.010508                 147.5503001318889
0.0021875                 0.0018999999999999998    0.010508                 12.06855428514882
0.0021874999999999998     0.0018416666666666664    0.010508000000000002     58.2972325707392
0.002125                  0.0018999999999999998    0.010508                 -101.84776598835879
0.002125                  0.0018416666666666666    0.010508                 -27.281089725309585
0.0020625                 0.0019                   0.010508                 -212.0893409967648
0.0025                    0.0017833333333333334    0.010508                 447.8302308774156
0.0024375                 0.0017833333333333334    0.010508                 372.2161802333121
0.002375                  0.0017833333333333334    0.010508                 300.2768748543126
0.0023125                 0.0017833333333333334    0.010508                 232.01231474041515
0.0022500000000000003     0.0017833333333333332    0.010508                 167.42249989161974
0.0021875                 0.0017833333333333332    0.010508                 106.50743030792773
0.0025                    0.001725                 0.010508                 356.3319581789066
0.0024375                 0.001725                 0.010508                 309.05590551226373
0.002375                  0.001725                 0.010508                 265.45459811072396
0.0023125                 0.001725                 0.010508                 225.52803597428465
0.0022500000000000003     0.001725                 0.010508                 189.2762191029483
0.0025                    0.0016666666666666666    0.010508                 266.8152049319989
0.0024375                 0.0016666666666666666    0.010508                 247.8771502428151
0.0023750000000000004     0.0016666666666666666    0.010508                 232.61384081873302
0.0023125000000000003     0.0016666666666666666    0.010508                 221.02527665975504
0.0025                    0.0016083333333333334    0.010508                 179.27997113669073
0.0024375                 0.0016083333333333334    0.010508                 188.67991442496623
0.0023750000000000004     0.0016083333333333331    0.010508                 201.75460297834456
0.0025                    0.00155                  0.010508                 93.72625679298244
0.0024375                 0.00155                  0.010508                 131.46419805871705
0.0025                    0.0014916666666666667    0.010508                 10.154061900874865
0.0021200954153475        9.06888389972205E-4      0.010508                 -22.521381801841528
0.0020606993670322523     8.97315714362427E-4      0.010508                 12.235326560240338
0.0020013033187170045     8.877430387526491E-4     0.010508000000000002     -8.22170585570916
0.0019419072704017564     8.781703631428712E-4     0.010508                 -21.85008473124958
0.0018825112220865086     8.685976875330932E-4     0.010508                 -28.64981006638095
0.0018231151737712603     8.590250119233152E-4     0.010508000000000002     -28.620881861103157
0.0017637191254560125     8.494523363135372E-4     0.010508                 -21.763300115415632
0.0017043230771407647     8.398796607037593E-4     0.010508                 -3.253079326471294
0.0021029389274407144     8.487614771190328E-4     0.010508                 -37.612354187268465
0.0020435428791254666     8.391888015092548E-4     0.010508000000000002     -21.663955806703655
0.0019841468308102184     8.29616125899477E-4      0.010508                 -24.705977526119028
0.0019247507824949705     8.20043450289699E-4      0.010508                 -20.919345705125295
0.0018653547341797227     8.10470774679921E-4      0.010508                 -10.304060343722142
0.0018059586858644747     8.00898099070143E-4      0.010508000000000002     7.139878558090487
0.0017465626375492269     7.91325423460365E-4      0.010508                 33.65692092322635
0.002085782439533929      7.906345642658607E-4     0.010508                 -40.63326193413741
0.0020263863912186805     7.810618886560829E-4     0.010508                 -44.27354226614614
0.001966990342903433      7.714892130463049E-4     0.010508                 -29.900553289027187
0.0019075942945881849     7.619165374365269E-4     0.010508                 -8.698910771498554
0.001848198246272937      7.523438618267489E-4     0.010508                 19.33138528643896
0.001788802197957689      7.427711862169709E-4     0.010508                 54.14180441331777
0.0020686259516271427     7.325076514126886E-4     0.010508                 -31.58410504244773
0.0020092299033118953     7.229349758029106E-4     0.010508                 -55.59343281808822
0.001949833854996647      7.133623001931327E-4     0.010508                 -23.80543314443497
0.0018904378066813992     7.037896245833547E-4     0.010508                 14.811220069628177
0.0018310417583661514     6.942169489735767E-4     0.010508                 58.201571143803704
0.0020514694637203575     6.743807385595165E-4     0.010508                 -10.464883512200231
0.001992073415405109      6.648080629497385E-4     0.010508                 -55.62362746252791
0.0019326773670898614     6.552353873399606E-4     0.010508                 -6.420617092339398
0.0018732813187746136     6.456627117301826E-4     0.010508                 45.836221114684434
0.0020343129758135714     6.162538257063444E-4     0.010508                 22.724402656605548
0.0019749169274983235     6.066811500965664E-4     0.010508                 -44.36412619946634
0.0019155208791830757     5.971084744867885E-4     0.010508                 17.045754325959678
0.0020171564879067857     5.581269128531722E-4     0.010508000000000002     67.98375346396949
0.001957760439591538      5.485542372433943E-4     0.010508000000000002     -28.169829222370282
0.002                     5.000000000000001E-4     0.010508000000000002     51.20023454313063
0.0015                    0.0018999999999999996    0.010507999999999998     -231.71740772184543
0.0015086518436101498     0.001837649416529337     0.010507999999999998     -208.8320179514518
0.0015625                 0.0018999999999999998    0.010507999999999998     -249.45281228077693
0.0015711518436101499     0.0018376494165293369    0.010508                 -220.16904510304357
0.0015173036872202996     0.0017752988330586744    0.010508                 -167.74551006730394
0.0015798036872202994     0.0017752988330586744    0.010507999999999998     -190.8384095578856
0.0015259555308304489     0.001712948249588012     0.010507999999999998     -126.64320422709977
0.0015884555308304492     0.0017129482495880119    0.010507999999999998     -161.46090564529953
0.0015346073744405987     0.0016505976661173494    0.010508                 -85.52510043083691
0.001597107374440599      0.0016505976661173494    0.010508                 -132.0365333652868
0.0015432592180507484     0.001588247082646687     0.010508                 -44.3911986785148
0.0016057592180507483     0.001588247082646687     0.010508                 -102.56529271784675
0.0015519110616608982     0.0015258964991760246    0.010507999999999998     -3.241498970135126
0.001614411061660898      0.0015258964991760244    0.010508                 -73.04718370298106
0.0015605629052710477     0.001463545915705362     0.010508                 37.92399869430358
0.0016230629052710478     0.001463545915705362     0.010508                 -34.255811620126416
0.0015692147488811975     0.0014011953322346994    0.010508                 -110.06832723261516
0.0016250000000000001     0.0018999999999999996    0.010508                 -196.59319316511483
0.0016336518436101497     0.001837649416529337     0.010508                 -176.91220020606033
0.0016423036872202995     0.0017752988330586746    0.010508                 -157.18433887958008
0.001650955530830449      0.001712948249588012     0.010508                 -137.40960918567248
0.0016596073744405988     0.0016505976661173496    0.010508                 -117.58801112433775
0.0016682592180507483     0.001588247082646687     0.010508                 -97.71954469557738
0.001676911061660898      0.0015258964991760246    0.010508                 -72.91241635639571
0.0016875                 0.0018999999999999998    0.010507999999999998     -140.70117753648628
0.0016961518436101497     0.0018376494165293373    0.010507999999999998     -130.62295879611065
0.0017048036872202995     0.0017752988330586748    0.010508                 -120.4978716883079
0.001713455530830449      0.0017129482495880123    0.010507999999999998     -110.32591621307961
0.0017221073744405988     0.0016505976661173496    0.010508                 -100.10709237042602
0.0017307592180507484     0.001588247082646687     0.010508                 -89.07255467421312
0.00175                   0.0018999999999999998    0.010508                 -81.77676539489039
0.0017586518436101498     0.001837649416529337     0.010508                 -81.30132087319635
0.0017673036872202993     0.0017752988330586746    0.010508                 -80.779007984072
0.0017759555308304491     0.0017129482495880123    0.010508                 -80.20982672752416
0.0017846073744405989     0.0016505976661173496    0.010508                 -82.73622657358074
0.0018125                 0.0018999999999999996    0.010508                 -19.81995674033533
0.0018211518436101496     0.001837649416529337     0.010508                 -28.947286437317416
0.0018298036872202994     0.0017752988330586746    0.010508                 -38.027747766874654
0.0018384555308304492     0.001712948249588012     0.010508                 -53.90343205449865
0.001875                  0.0018999999999999998    0.010507999999999998     45.169248427186176
0.0018836518436101497     0.0018376494165293373    0.010508                 26.439144511524773
0.0018923036872202995     0.0017752988330586748    0.010508                 -2.574171116964955
0.0019375                 0.0018999999999999998    0.010508                 113.19085010767185
0.0019461518436101497     0.0018376494165293373    0.010508                 71.2515562390179
0.001889627640626421      0.0012727791921794025    0.010508                 13.366741080898322
0.0018977025267669537     0.0013534749385151076    0.010508                 -4.390804087237029
0.0019057774129074862     0.0014341706848508126    0.010508000000000002     -5.8392655936112305
0.001913852299048019      0.0015148664311865174    0.010508                 -2.5726128579746046
0.0019219271851885517     0.0015955621775222222    0.010508                 5.4091541196743265
0.0019300020713290845     0.0016762579238579272    0.010508000000000002     18.106035339339087
0.001938076957469617      0.0017569536701936323    0.010508                 35.51803080101507
0.0018438543703771034     0.001291124355044445     0.010508                 10.31402644830635
0.001851929256517636      0.00137182010138015      0.010508                 9.941066780370022
0.0018600041426581687     0.0014525158477158547    0.010508                 -4.0582252991752625
0.0018680790287987014     0.0015332115940515597    0.010508                 -13.342403136706821
0.001876153914939234      0.0016139073403872647    0.010508                 -17.911466732224767
0.0018842288010797667     0.0016946030867229698    0.010508                 -17.765416085728248
0.0017980811001277854     0.0013094695179094876    0.010508                 1.5133354659802762
0.0018061559862683181     0.0013901652642451924    0.010508                 17.164281778777212
0.001814230872408851      0.0014708610105808972    0.010508                 -9.385840873935365
0.0018223057585493837     0.0015515567569166023    0.010508                 -31.220849284634596
0.0018303806446899164     0.0016322525032523073    0.010508                 -48.340743453320755
0.0017523078298784679     0.0013278146807745297    0.010508                 -13.035331866083226
0.0017603827160190006     0.0014085104271102347    0.010508                 17.27884090798628
0.0017684576021595334     0.0014892061734459398    0.010508                 -21.822112317893357
0.0017765324883000661     0.0015699019197816448    0.010508                 -56.20795130175988
0.0017065345596291503     0.0013461598436395722    0.010508                 -33.33197554788319
0.001714609445769683      0.001426855589975277     0.010508                 10.284744168001026
0.0017226843319102156     0.001507551336310982     0.010508                 -41.36703963104729
0.0016607612893798328     0.0013645050065046148    0.010508                 -59.37659557941933
0.0016688361755203653     0.0014452007528403198    0.010508                 -3.818008441184574
0.001614988019130515      0.0013828501693696571    0.010508                 -91.16919196069173
0.0018554629663584915     0.0012270291757585016    0.010508                 0.3197801531446771
0.0018096896961091737     0.0012453743386235442    0.010508000000000002     -27.269553495551577
0.0017639164258598562     0.0012637195014885865    0.010508                 -59.24618397452389
0.0017181431556105387     0.001282064664353629     0.010508                 -95.6101112837714
0.0016723698853612207     0.0013004098272186714    0.010508000000000002     -136.36133542329253
0.0016265966151119032     0.001318754990083714     0.010508                 -181.49985639308966
0.0015808233448625856     0.0013371001529487562    0.010508                 -199.65232094040226
0.0018212982920905619     0.001181279159337601     0.010508                 -12.40688081556118
0.0017755250218412443     0.0011996243222026433    0.010508                 -34.59741740699906
0.0017297517515919266     0.0012179694850676858    0.010508                 -61.17525082871293
0.001683978481342609      0.0012363146479327282    0.010508                 -92.1403810807019
0.0016382052110932913     0.0012546598107977705    0.010508                 -127.49280816296368
0.0015924319408439737     0.001273004973662813     0.010508                 -153.62933677079332
0.0017871336178226322     0.0011355291429167       0.010508                 -13.219272405474726
0.0017413603475733147     0.0011538743057817424    0.010508                 -30.01101193965451
0.0016955870773239972     0.001172219468646785     0.010508                 -51.19004830410904
0.0016498138070746796     0.0011905646315118273    0.010508                 -76.75638149883935
0.0016040405368253617     0.0012089097943768696    0.010508                 -109.7443422683023
0.0017529689435547028     0.0010897791264957992    0.010508                 -2.1173946165961297
0.0017071956733053853     0.0011081242893608415    0.010508                 -13.510337093517137
0.0016614224030560678     0.001126469452225884     0.010508                 -29.290576400713235
0.00161564913280675       0.0011448146150909264    0.010508                 -67.99733743292853
0.0017188042692867734     0.0010440291100748983    0.010508                 20.898752551075177
0.0016730309990374557     0.0010623742729399407    0.010508                 14.904607131411922
0.001627257728788138      0.0010807194358049832    0.010508                 -28.388322264670975
0.0016846395950188438     9.982790936539975E-4     0.010508                 55.8291690975384
0.0016388663247695263     0.0010166242565190398    0.010508                 9.082703236470266
0.0016504749207509144     9.525290772330966E-4     0.010508                 44.415739070494666
0.0016027397430862333     8.926809781859679E-4     0.010508                 5.479420836623449
0.0015911311471048452     9.567761574719111E-4     0.010508                 -15.216423625789957
0.001579522551123457      0.0010208713367578545    0.010508000000000002     -36.85066476230895
0.001567913955142069      0.0010849665160437977    0.010508                 -59.49026366706403
0.0015563053591606808     0.0011490616953297409    0.010508                 -83.13522034005109
0.0015446967631792927     0.001213156874615684     0.010508000000000002     -107.78553478127151
0.0015330881671979046     0.0012772520539016275    0.010508                 -133.44120699072664
0.0015214795712165164     0.0013413472331875707    0.010508                 -209.14683768573855
0.0015433959694401641     8.969280584247823E-4     0.010508                 2.8694697339508886
0.001531787373458776      9.610232377107255E-4     0.010508                 -16.190487146613577
0.0015201787774773879     0.001025118416996669     0.010508                 -36.2329320392646
0.0015085701814959997     0.0010892135962826122    0.010508                 -57.28073470014988
0.0014969615855146116     0.0011533087755685554    0.010508                 -79.33389512926806
0.0014853529895332235     0.0012174039548544986    0.010508                 -102.39241332662186
0.0014737443935518354     0.001281499134140442     0.010508                 -146.42246434781418
0.001484052195794095      9.011751386635969E-4     0.010508                 0.6628286604230587
0.0014724435998127068     9.652703179495401E-4     0.010508                 -16.764567444276054
0.0014608350038313187     0.0010293654972354834    0.010508                 -35.2152160930591
0.0014492264078499306     0.0010934606765214266    0.010508                 -54.671222510075495
0.0014376178118685424     0.00115755585580737      0.010508                 -75.13258669532479
0.0014260092158871543     0.001221651035093313     0.010508                 -92.42739130717246
0.001424708422148026      9.054222189024114E-4     0.010508                 -1.1405023839599309
0.0014130998261666378     9.695173981883546E-4     0.010508                 -16.938664518776932
0.0014014912301852497     0.001033612577474298     0.010508                 -33.79751692369064
0.0013898826342038616     0.0010977077567602411    0.010508                 -51.66172709683997
0.0013782740382224734     0.0011618029360461845    0.010508                 -47.161618563813136
0.0013653646485019565     9.096692991412259E-4     0.010508                 -2.5405233991980944
0.0013537560525205684     9.737644784271692E-4     0.010508                 -16.712778370117576
0.0013421474565391803     0.0010378596577131124    0.010508                 -31.97983453116285
0.0013305388605577922     0.0011019548369990556    0.010508                 -10.625146117736676
0.0013060208748558876     9.139163793800405E-4     0.010508                 -3.537234385291574
0.0012944122788744994     9.780115586659837E-4     0.010508                 -16.086908998296167
0.0012828036828931113     0.001042106737951927     0.010508                 17.182026031058285
0.0012466771012098184     9.18163459618855E-4      0.010508                 -4.1306353422402164
0.0012350685052284302     9.822586389047982E-4     0.010508                 36.259897882571295
0.0011873333275637492     9.224105398576694E-4     0.010508                 -50.74415537196038
0.0014999999999999998     4.999999999999999E-4     0.010507999999999998     146.6099159594559
0.0015624999999999999     4.999999999999999E-4     0.010507999999999998     243.46451857629563
0.0015202604395915377     5.485542372433941E-4     0.010507999999999998     182.8292868223537
0.0015827604395915378     5.485542372433941E-4     0.010508                 199.19111211766358
0.001625                  4.999999999999999E-4     0.010508                 202.3395588814983
0.0016452604395915378     5.485542372433941E-4     0.010508                 166.50221411245093
0.0016874999999999998     5.0E-4                   0.010508                 158.7091022865552
0.0017077604395915379     5.485542372433941E-4     0.010508                 131.30781920708978
0.0017499999999999998     5.0E-4                   0.010508                 112.57314879146179
0.001770260439591538      5.485542372433941E-4     0.010508000000000002     93.60792740158013
0.0018124999999999999     5.0E-4                   0.010508                 63.9316983962226
0.0018327604395915378     5.485542372433942E-4     0.010508000000000002     53.402538695922885
0.001875                  5.000000000000001E-4     0.010508                 12.784751100831272
0.0018952604395915378     5.485542372433943E-4     0.010508000000000002     10.691653090116233
0.0019375                 5.000000000000001E-4     0.010508000000000002     -40.86769309470537
0.0015405208791830756     5.971084744867882E-4     0.010508                 147.7659959042752
0.0016030208791830754     5.971084744867882E-4     0.010508                 158.15676436429408
0.0016655208791830755     5.971084744867884E-4     0.010508                 133.90392804866406
0.0017280208791830756     5.971084744867884E-4     0.010508                 107.14559483288713
0.0017905208791830756     5.971084744867884E-4     0.010508                 77.88176471696124
0.0018530208791830757     5.971084744867885E-4     0.010508                 46.11243770088686
0.0015607813187746133     6.456627117301825E-4     0.010507999999999998     114.72500118494577
0.0016232813187746133     6.456627117301825E-4     0.010508                 120.36147531618758
0.0016857813187746134     6.456627117301825E-4     0.010508                 104.54470069014087
0.0017482813187746134     6.456627117301826E-4     0.010508                 86.22242916394589
0.0018107813187746135     6.456627117301826E-4     0.010508                 65.39466073760377
0.0015810417583661512     6.942169489735767E-4     0.010508                 83.7063026643657
0.0016435417583661512     6.942169489735767E-4     0.010508                 85.80524497334204
0.0017060417583661513     6.942169489735767E-4     0.010508                 78.42453203687887
0.0017685417583661513     6.942169489735767E-4     0.010508                 68.53832220026698
0.001601302197957689      7.427711862169708E-4     0.010508                 54.70990034253646
0.001663802197957689      7.427711862169708E-4     0.010508                 54.48807333575837
0.001726302197957689      7.427711862169708E-4     0.010508                 55.54342208887897
0.0016215626375492267     7.91325423460365E-4      0.010507999999999998     27.735794219456352
0.0016840626375492268     7.91325423460365E-4      0.010508                 26.40996040343714
0.0016418230771407646     8.398796607037591E-4     0.010508                 2.7839842951265723
0.0015824793034946954     8.441267409425736E-4     0.010508                 19.74146328893984
0.0015231355298486262     8.483738211813881E-4     0.010508000000000002     15.459531966696687
0.0014637917562025573     8.526209014202027E-4     0.010508                 11.58423747958254
0.0014044479825564879     8.568679816590172E-4     0.010508                 8.115579827596378
0.0013451042089104189     8.611150618978317E-4     0.010508000000000002     5.053559010738866
0.0012857604352643497     8.653621421366463E-4     0.010508                 2.3981750290093657
0.0012264166616182805     8.696092223754607E-4     0.010508                 -148.2183626960594
0.0015622188639031575     7.955725036991795E-4     0.010508                 34.742078339366145
0.0015028750902570886     7.99819583937994E-4      0.010507999999999998     28.83225813553446
0.0014435313166110192     8.040666641768086E-4     0.010507999999999998     23.329074766829166
0.0013841875429649502     8.083137444156231E-4     0.010507999999999998     18.23252823325413
0.001324843769318881      8.125608246544376E-4     0.010508                 13.542618534806138
0.0012654999956728118     8.168079048932521E-4     0.010507999999999998     -143.76397930193858
0.00154195842431162       7.470182664557853E-4     0.010508                 50.54822708203169
0.0014826146506655507     7.512653466945998E-4     0.010508                 43.01051799660908
0.0014232708770194817     7.555124269334144E-4     0.010508                 35.87944574631467
0.0013639271033734123     7.597595071722288E-4     0.010508                 29.155010331148958
0.0013045833297273433     7.640065874110433E-4     0.010508                 -129.98052151777364
0.001521697984720082      6.984640292123912E-4     0.010508                 67.15990951693453
0.0014623542110740128     7.027111094512057E-4     0.010508                 57.99431154992283
0.0014030104374279438     7.069581896900201E-4     0.010508                 49.23535041803842
0.0013436666637818744     7.112052699288346E-4     0.010508                 -106.86798934356409
0.0015014375451285443     6.49909791968997E-4      0.010507999999999998     84.57712564407603
0.0014420937714824749     6.541568722078115E-4     0.010507999999999998     73.78363879547271
0.001382749997836406      6.58403952446626E-4      0.010507999999999998     -74.42638277931127
0.0014811771055370064     6.013555547256027E-4     0.010508                 102.79987546345396
0.0014218333318909372     6.056026349644172E-4     0.010508                 -32.655701825012926
0.0014609166659454685     5.528013174822086E-4     0.010507999999999998     18.44405351932693
9.999999999999998E-4      5.0E-4                   0.010508000000000002     -0.014449045826421848
0.0010624999999999999     5.0E-4                   0.010508000000000002     -1.4462572395725262E-15
0.0010234166659454686     5.528013174822087E-4     0.010508000000000002     4.50157112061197
0.0010859166659454684     5.528013174822087E-4     0.010508000000000002     -8.247021105313138
0.0011249999999999997     5.0E-4                   0.010508                 -1.5511539748999676E-15
0.0011484166659454685     5.528013174822086E-4     0.010508000000000002     -21.02919291049716
0.0011874999999999998     5.0E-4                   0.010508                 -1.6425423285845887E-15
0.0012109166659454685     5.528013174822086E-4     0.010508000000000002     -33.81136471568061
0.0012499999999999998     5.0E-4                   0.010508                 -1.7204223006263887E-15
0.0012734166659454683     5.528013174822086E-4     0.010508                 -46.593536520863836
0.0013124999999999999     5.0E-4                   0.010508                 -1.784793891025368E-15
0.0013359166659454684     5.528013174822086E-4     0.010508                 -59.375708326048425
0.001375                  4.999999999999999E-4     0.010508                 -1.835657099781526E-15
0.0013984166659454685     5.528013174822086E-4     0.010508                 -72.15788013123165
0.0014374999999999998     4.999999999999999E-4     0.010507999999999998     -1.873011926894864E-15
0.001046833331890937      6.056026349644174E-4     0.010508                 -2.3473101610898084
0.0011093333318909371     6.056026349644174E-4     0.010508                 -27.86818533145265
0.0011718333318909372     6.056026349644174E-4     0.010508                 -53.43252894181978
0.0012343333318909373     6.056026349644173E-4     0.010508                 -78.99687255218623
0.001296833331890937      6.056026349644173E-4     0.010508                 -104.56121616255405
0.0013593333318909372     6.056026349644173E-4     0.010508                 -130.1255597729205
0.0010702499978364058     6.58403952446626E-4      0.010508                 -20.568317413847126
0.0011327499978364057     6.58403952446626E-4      0.010508                 -58.863492678416605
0.0011952499978364057     6.58403952446626E-4      0.010508                 -97.21000809396764
0.0012577499978364058     6.58403952446626E-4      0.010508                 -135.55652350951914
0.0013202499978364059     6.58403952446626E-4      0.010508                 -173.90303892507018
0.0010936666637818746     7.112052699288347E-4     0.010508                 -50.1614506376568
0.0011561666637818744     7.112052699288347E-4     0.010508                 -101.23294314620625
0.0012186666637818745     7.112052699288347E-4     0.010508                 -152.36163036694052
0.0012811666637818746     7.112052699288346E-4     0.010508                 -203.49031758767615
0.0011170833297273431     7.640065874110434E-4     0.010508                 -91.12670983252065
0.0011795833297273432     7.640065874110434E-4     0.010508                 -154.97653673482228
0.0012420833297273432     7.640065874110433E-4     0.010508                 -218.88739576074022
0.0011404999956728119     8.168079048932521E-4     0.010508                 -143.46409499843776
0.0012029999956728117     8.168079048932521E-4     0.010508                 -220.09427344426194
0.0011639166616182804     8.696092223754608E-4     0.010508                 -207.17360613540814
8.124562499286834E-4      7.96766623198248E-4      0.010508                 39.75475741086768
8.35899218687598E-4       7.596707952984669E-4     0.010508                 40.78899746285738
8.593158846330666E-4      8.124721127806756E-4     0.010508                 0.31529623868209455
8.827588533919812E-4      7.753762848808946E-4     0.010508                 24.672006451292418
8.593421874465124E-4      7.225749673986859E-4     0.010508                 2.0736859442169995
9.062018221508957E-4      7.382804569811137E-4     0.010508000000000002     -6.102420240648826
8.82785156205427E-4       6.85479139498905E-4      0.010508                 -25.679887022096274
9.296447909098102E-4      7.011846290813327E-4     0.010508000000000002     -25.914010583142954
9.062281249643416E-4      6.48383311599124E-4      0.010508                 -42.471721436080855
9.530877596687249E-4      6.640888011815516E-4     0.010508000000000002     -34.76276457618974
9.296710937232561E-4      6.11287483699343E-4      0.010508                 -48.30181729773754
9.765307284276394E-4      6.269929732817707E-4     0.010508000000000002     -32.648682219789976
9.531140624821706E-4      5.741916557995619E-4     0.010508                 -43.170174607066436
9.999736971865539E-4      5.898971453819897E-4     0.010508000000000002     -19.571763513941562
9.765570312410852E-4      5.37095827899781E-4      0.010508000000000002     -27.076793364067036
9.061755193374498E-4      8.281776023631032E-4     0.010508                 6.583051056106342
9.296184880963644E-4      7.910817744633224E-4     0.010508                 2.1392738363474564
9.530614568552789E-4      7.539859465635413E-4     0.010508                 -20.69240935003654
9.765044256141934E-4      7.168901186637603E-4     0.010508                 -32.561256186972514
9.999473943731081E-4      6.797942907639794E-4     0.010508                 -33.46726667446114
0.0010233903631320226     6.426984628641983E-4     0.010508                 -23.41044081250277
9.530351540418331E-4      8.438830919455311E-4     0.010508                 5.1260171480730605
9.764781228007476E-4      8.067872640457501E-4     0.010508                 -26.840916938213013
9.999210915596622E-4      7.69691436145969E-4      0.010508                 -41.72985661903613
0.0010233640603185767     7.325956082461881E-4     0.010508                 -45.655959950414854
0.0010468070290774911     6.954997803464071E-4     0.010508                 -38.61922693234533
9.998947887462162E-4      8.595885815279587E-4     0.010508                 -4.055805485415249
0.0010233377575051307     8.224927536281776E-4     0.010508                 -62.26856587238126
0.0010467807262640454     7.853969257283968E-4     0.010508                 -69.21476204765031
0.00107022369502296       7.483010978286157E-4     0.010508                 -65.19812187346838
0.0010467544234505995     8.752940711103863E-4     0.010508                 -20.962416844361087
0.0010701973922095142     8.381982432106054E-4     0.010508                 -104.14367296616729
0.0010936403609684286     8.011024153108244E-4     0.010508                 -103.14712563587773
0.0010936140581549827     8.909995606928142E-4     0.010508                 -45.59381692876332
0.0011170570269138972     8.539037327930331E-4     0.010508                 -152.46623821956518
0.001140473692859366      9.067050502752418E-4     0.010508                 -77.95000573862126
0.0015092568355139406     0.001403568992217912     0.010508                 -100.751164123899
0.0015006049919037909     0.0014659195756885745    0.010508                 92.42417013227356
0.0014919531482936411     0.001528270159159237     0.010508                 56.571505672046555
0.0014833013046834918     0.0015906207426298995    0.010508                 20.703568756508957
0.001474649461073342      0.001652971326100562     0.010507999999999998     -15.179640614337359
0.0014659976174631923     0.0017153219095712244    0.010507999999999998     -51.07812244049569
0.0014573457738530427     0.001777672493041887     0.010508                 -86.99187672196331
0.001448693930242893      0.0018400230765125496    0.010507999999999998     -121.00633567463387
0.0014492989221466836     0.0014059426522011246    0.010508                 -91.630183950831
0.0014406470785365338     0.0014682932356717868    0.010508                 81.35172781840276
0.0014319952349263845     0.0015306438191424496    0.010508                 52.80964262585371
0.0014233433913162347     0.001592994402613112     0.010508                 24.25228497799344
0.001414691547706085      0.0016553449860837745    0.010508                 -4.320345125176118
0.0014060397040959352     0.001717695569554437     0.010508                 -32.90824768365792
0.0013973878604857859     0.0017800461530250995    0.010508                 -60.25859800225044
0.0013893410087794267     0.001408316312184337     0.010508                 -81.92600593610814
0.0013806891651692772     0.0014706668956549996    0.010508                 68.72067983963188
0.0013720373215591274     0.0015330174791256621    0.010507999999999998     47.489173914758794
0.0013633854779489779     0.0015953680625963246    0.010508                 26.242395534576644
0.001354733634338828      0.001657718646066987     0.010507999999999998     4.980344699083616
0.0013460817907286783     0.0017200692295376496    0.010507999999999998     -15.692881123881762
0.0013293830954121699     0.0014106899721675495    0.010508                 -71.63863007972827
0.0013207312518020203     0.0014730405556382122    0.010508                 54.53102619595711
0.0013120794081918706     0.0015353911391088745    0.010508                 40.61009953876237
0.001303427564581721      0.001597741722579537     0.010508                 26.673900426256296
0.0012947757209715713     0.0016600923060501997    0.010508                 12.690814960475109
0.0012694251820449132     0.001413063632150762     0.010508                 -60.76805638169071
0.0012607733384347635     0.0014754142156214246    0.010508                 38.7827668873806
0.0012521214948246137     0.001537764799092087     0.010508                 32.1724194978633
0.0012434696512144642     0.0016001153825627495    0.010508                 24.89249025081881
0.0012094672686776562     0.0014154372921339744    0.010508                 -49.314284841995004
0.0012008154250675064     0.001477787875604637     0.010508                 21.475901913902362
0.0011921635814573569     0.0015401384590752996    0.010507999999999998     20.912144747148886
0.0011495093553103993     0.001417810952117187     0.010508                 -37.277315460645355
0.0011408575117002496     0.0014801615355878495    0.010508                 0.7497784494660209
0.0010895514419431425     0.0014201846121003996    0.010508                 13.866741851010973
0.0011017741776457183     0.0013579628530700583    0.010508                 -26.55851847997647
0.001161732091012975      0.0013555891930868457    0.010508                 -67.4094183286262
0.001113996913348294      0.001295741094039717     0.010508                 -31.414308139823405
0.001173954826715551      0.0012933674340565044    0.010508000000000002     -58.793529066594374
0.00112621964905087       0.001233519335009376     0.010508                 -29.2989733838103
0.001186177562418127      0.0012311456750261633    0.010508                 -43.29131080957063
0.0011384423847534458     0.0011712975759790344    0.010508                 -20.21251421193377
0.0011984002981207027     0.0011689239159958218    0.010508                 -20.902763557551907
0.0011506651204560216     0.0011090758169486933    0.010508                 -4.154930624195197
0.0012106230338232787     0.0011067021569654808    0.010508000000000002     8.37211268945748
0.0011628878561585976     0.001046854057918352     0.010508                 18.87377737940521
0.0012228457695258545     0.0010444803979351395    0.010508                 44.53331793146026
0.0011751105918611734     9.846322988880107E-4     0.010508                 48.87360979886759
0.0012216900043802322     0.0013532155331036333    0.010508                 -106.01892504490411
0.001233912740082808      0.0012909937740732918    0.010508                 -85.76255383039097
0.0012461354757853837     0.0012287720150429508    0.010508                 -58.61985362088444
0.0012583582114879595     0.0011665502560126095    0.010508                 -24.590824416385658
0.0012705809471905355     0.0011043284969822682    0.010508                 16.324533783105835
0.001281647917747489      0.0013508418731204208    0.010508                 -141.90343041296637
0.0012938706534500648     0.0012886201140900795    0.010508                 -110.00657724596931
0.0013060933891526406     0.0012263983550597382    0.010508                 -71.22339508398318
0.0013183161248552164     0.0011641765960293971    0.010508                 -25.55388392700206
0.0013416058311147457     0.0013484682131372082    0.010508                 -175.0629344328131
0.0013538285668173217     0.001286246454106867     0.010508                 -131.5255993133369
0.0013660513025198977     0.0012240246950765256    0.010508                 -81.10193519886798
0.0014015637444820027     0.0013460945531539956    0.010508                 -205.49743710444386
0.0014137864801845785     0.0012838727941236543    0.010508                 -150.31962003248555
0.0014615216578492596     0.0013437208931707833    0.010508                 -233.20693842785886
0.001                     0.0018999999999999996    0.010508                 -251.45395789779027
0.0010111939302428928     0.0018400230765125496    0.010508                 -191.35370373333012
0.0010625                 0.0018999999999999996    0.010508                 -11.163241778548581
0.0010736939302428928     0.0018400230765125494    0.010508                 -30.63610244966685
0.0010223878604857855     0.0017800461530250995    0.010508                 -183.10508501443127
0.0010848878604857856     0.0017800461530250995    0.010508000000000002     -43.13932540174733
0.0010335817907286785     0.0017200692295376496    0.010508                 -167.163584444911
0.0010960817907286783     0.0017200692295376496    0.010508                 -48.67291063479115
0.0010447757209715712     0.0016600923060501997    0.010508                 -143.52920202476895
0.0011072757209715713     0.0016600923060501995    0.010508                 -47.236858148796955
0.0010559696512144642     0.0016001153825627495    0.010508                 -112.20193775400442
0.001118469651214464      0.0016001153825627495    0.010508000000000002     -38.83116794376565
0.001067163581457357      0.0015401384590752996    0.010508                 -73.18179163261783
0.0011296635814573568     0.0015401384590752994    0.010508                 -23.455840019697916
0.0010783575117002497     0.0014801615355878495    0.010508                 -26.468763660609266
0.0011250000000000001     0.0018999999999999996    0.010507999999999998     -47.37551192864612
0.0011361939302428929     0.0018400230765125496    0.010508                 -53.62899495442662
0.0011473878604857856     0.0017800461530250997    0.010507999999999998     -52.91284026116955
0.0011585817907286784     0.0017200692295376496    0.010507999999999998     -45.22704784887401
0.0011697757209715711     0.0016600923060501997    0.010507999999999998     -30.571617717542722
0.0011809696512144641     0.0016001153825627495    0.010508                 -8.946549867171598
0.0011875000000000002     0.0018999999999999996    0.010508                 -80.28766943956634
0.001198693930242893      0.0018400230765125496    0.010508                 -73.32177482000634
0.0012098878604857857     0.0017800461530250995    0.010508                 -59.386242481411045
0.0012210817907286784     0.0017200692295376496    0.010508                 -38.48107242377682
0.0012322757209715712     0.0016600923060501997    0.010508                 -10.6062646471064
0.00125                   0.0018999999999999996    0.010508                 -109.89971431130562
0.0012611939302428928     0.0018400230765125494    0.010508                 -89.71444204640738
0.0012723878604857857     0.0017800461530250995    0.010508                 -62.559532062472954
0.0012835817907286785     0.0017200692295376496    0.010508                 -28.43498435950005
0.0013124999999999999     0.0018999999999999996    0.010507999999999998     -136.21164654386303
0.0013236939302428928     0.0018400230765125496    0.010507999999999998     -102.80699663362589
0.0013348878604857856     0.0017800461530250995    0.010507999999999998     -62.432709004353455
0.0013750000000000001     0.0018999999999999996    0.010508                 -159.22346613723948
0.0013861939302428929     0.0018400230765125494    0.010508                 -112.59943858166434
0.0014375                 0.0018999999999999996    0.010507999999999998     -178.93517309143863
8.328618602814163E-4      0.001072378110178123     0.010508                 78.96051355242966
8.303111589873246E-4      0.0010379266743056387    0.010508                 -109.29811380953119
8.771707936917079E-4      0.0010536321638880664    0.010508                 0.2619857114580668
8.746200923976162E-4      0.001019180728015582     0.010508                 -1.4761495899593058
8.27760457693233E-4       0.0010034752384331543    0.010508                 -93.59696040596805
8.720693911035246E-4      9.847292921430976E-4     0.010508000000000002     -9.071906666700272
8.252097563991414E-4      9.690238025606699E-4     0.010508                 -79.13006351929161
8.69518689809433E-4       9.502778562706131E-4     0.010508                 -17.916196074436584
8.226590551050498E-4      9.345723666881855E-4     0.010508                 -65.89742314950138
8.669679885153414E-4      9.158264203981288E-4     0.010508                 -28.009017813165087
8.201083538109582E-4      9.001209308157011E-4     0.010508                 -53.8990392965969
8.644172872212499E-4      8.813749845256445E-4     0.010508000000000002     -39.350371882887316
8.175576525168666E-4      8.656694949432167E-4     0.010508                 -43.134911960579075
8.618665859271582E-4      8.4692354865316E-4       0.010508                 -51.940258283606
8.15006951222775E-4       8.312180590707324E-4     0.010508                 -33.605041141447614
9.214797271019995E-4      0.0010348862175980095    0.010508                 -17.534239300825575
9.189290258079079E-4      0.0010004347817255254    0.010508                 -13.31869242658837
9.163783245138162E-4      9.659833458530408E-4     0.010508                 -12.711427531275262
9.138276232197246E-4      9.315319099805564E-4     0.010508                 -13.352694966956733
9.11276921925633E-4       8.97080474108072E-4      0.010508                 -15.242494733633293
9.087262206315415E-4      8.626290382355878E-4     0.010508                 -18.3808268313021
9.657886605122911E-4      0.0010161402713079531    0.010508                 -26.539983827996508
9.632379592181995E-4      9.816888354354687E-4     0.010508                 -16.508778279415992
9.606872579241079E-4      9.472373995629842E-4     0.010508                 -7.698491412048952
9.581365566300162E-4      9.127859636904998E-4     0.010508                 -0.13673687567734305
9.555858553359246E-4      8.783345278180155E-4     0.010508                 6.176485329700881
0.0010100975939225827     9.973943250178962E-4     0.010508                 -26.755247870054717
0.001007546892628491      9.629428891454119E-4     0.010508                 -11.046407148440835
0.0010049961913343995     9.284914532729275E-4     0.010508                 5.966901690979512
0.0010024454900403078     8.940400174004431E-4     0.010508                 21.731678199404996
0.0010544065273328743     9.786483787278394E-4     0.010508                 -18.180031427001637
0.0010518558260387827     9.441969428553551E-4     0.010508                 3.068420966335566
0.001049305124744691      9.097455069828707E-4     0.010508                 28.284751777809788
0.001098715460743166      9.59902432437783E-4      0.010508                 -0.8143344988362884
0.0010961647594490743     9.254509965652986E-4     0.010508                 25.835706064913666
0.0011430243941534576     9.411564861477262E-4     0.010508                 25.341842914441997
8.649480579891321E-4      0.0011158539229184075    0.010508                 162.20304328083017
9.092569913994237E-4      0.0010971079766283508    0.010508                 37.62807683642774
9.535659248097153E-4      0.0010783620303382942    0.010508000000000002     15.481262577578832
9.97874858220007E-4       0.0010596160840482375    0.010508                 2.262952305152112
0.0010421837916302986     0.001040870137758181     0.010508                 -2.026853980850774
0.0010864927250405902     0.001022124191468124     0.010508000000000002     2.611843719568242
0.0011308016584508818     0.0010033782451780676    0.010508                 16.17904540640984
8.970342556968478E-4      0.0011593297356586921    0.010508                 194.6065355795939
9.413431891071394E-4      0.0011405837893686355    0.010508                 64.53081517010617
9.856521225174312E-4      0.0011218378430785788    0.010508                 35.78407186829213
0.0010299610559277228     0.001103091896788522     0.010508                 15.965832552900793
0.0010742699893380144     0.0010843459504984653    0.010508                 5.07609722393272
0.001118578922748306      0.0010656000042084087    0.010508                 3.114865881386777
9.291204534045635E-4      0.0012028055483989768    0.010508                 210.30968208104719
9.734293868148552E-4      0.00118405960210892      0.010508                 76.36111126816354
0.0010177383202251468     0.0011653136558188633    0.010508                 41.01443892338466
0.0010620472536354384     0.0011465677095288066    0.010508                 14.596270565028362
0.00110635618704573       0.00112782176323875      0.010508                 -2.893393806903987
9.612066511122794E-4      0.0012462813611392614    0.010508                 209.312482785189
0.001005515584522571      0.0012275354148492046    0.010508                 73.11896513059878
0.0010498245179328626     0.001208789468559148     0.010508                 31.172363742855396
0.0010941334513431542     0.0011900435222690913    0.010508                 -1.8457336584656332
9.932928488199952E-4      0.0012897571738795458    0.010508                 191.61493769202036
0.0010376017822302868     0.0012710112275894892    0.010508                 54.80437675741473
0.0010819107156405784     0.0012522652812994323    0.010508                 6.2578463267059306
0.0010253790465277108     0.0013332329866198305    0.010508                 157.21704680154093
0.0010696879799380024     0.0013144870403297738    0.010508                 21.417346148608885
0.0010574652442354266     0.001376708799360115     0.010508                 106.11881011375013
7.912541277462393E-4      0.0011174975130725244    0.010508                 169.39837209209458
8.233403254539551E-4      0.0011609733258128088    0.010508                 120.90485025992527
8.554265231616707E-4      0.0012044491385530935    0.010508000000000002     156.27181620806135
8.875127208693866E-4      0.0012479249512933781    0.010508                 173.31053279719782
9.195989185771024E-4      0.0012914007640336626    0.010508                 172.02100002733349
9.516851162848182E-4      0.0013348765767739472    0.010508000000000002     152.4032178984682
9.837713139925338E-4      0.0013783523895142316    0.010508                 114.45718641060208
0.0010158575117002497     0.0014218282022545163    0.010508                 59.425728094338325
7.496463952110622E-4      0.0011626169159669256    0.010508                 52.60844285403397
7.81732592918778E-4       0.0012060927287072102    0.010508                 13.200251842361652
8.138187906264938E-4      0.0012495685414474949    0.010508                 52.62986651775068
8.459049883342095E-4      0.0012930443541877793    0.010508                 73.7312318341395
8.779911860419253E-4      0.001336520166928064     0.010508                 76.50434779152687
9.100773837496411E-4      0.0013799959796683484    0.010508                 60.94921438991372
9.421635814573569E-4      0.001423471792408633     0.010508                 27.645435442530076
7.080386626758851E-4      0.001207736318861327     0.010508                 -36.79912283784358
7.401248603836009E-4      0.0012512121316016114    0.010508                 -67.4111037727277
7.722110580913168E-4      0.001294687944341896     0.010508                 -23.91884037008606
8.042972557990324E-4      0.0013381637570821807    0.010508                 1.2451736735535235
8.363834535067482E-4      0.0013816395698224653    0.010508                 8.08093835819352
8.68469651214464E-4       0.0014251153825627497    0.010508                 -3.4144393558951145
6.664309301407081E-4      0.0012528557217557283    0.010508                 -98.82432498353853
6.98517127848424E-4       0.0012963315344960127    0.010508                 -120.9292165853445
7.306033255561397E-4      0.0013398073472362974    0.010508                 -73.37430445545118
7.626895232638554E-4      0.0013832831599765818    0.010508                 -44.14764168455815
7.947757209715712E-4      0.0014267589727168664    0.010508                 -33.75389630093718
6.248231976055312E-4      0.0012979751246501295    0.010508                 -133.4671635830507
6.569093953132469E-4      0.001341450937390414     0.010508                 -147.35408659548855
6.889955930209626E-4      0.0013849267501306987    0.010508                 -95.73652573834272
7.210817907286784E-4      0.0014284025628709832    0.010508                 -63.372935392596375
5.832154650703541E-4      0.0013430945275445308    0.010508                 -140.72763863638033
6.153016627780698E-4      0.0013865703402848152    0.010508                 -146.68571380315882
6.473878604857856E-4      0.0014300461530250999    0.010508                 -92.27155663087242
5.41607732535177E-4       0.001388213930438932     0.010508                 -120.60575014352747
5.736939302428928E-4      0.0014316897431792166    0.010508                 -120.44976001576566
5.0E-4                    0.0014333333333333333    0.010508                 -120.99296819750674
0.001004663581457357      0.0014818051257419662    0.010508                 -1.028957206768979
9.934696512144642E-4      0.0015417820492294163    0.010508000000000002     -54.31033905627186
9.822757209715712E-4      0.0016017589727168663    0.010508                 -99.17559492356679
9.710817907286784E-4      0.0016617358962043164    0.010508                 -135.62472480865574
9.598878604857857E-4      0.0017217128196917663    0.010508000000000002     -163.65772871153786
9.486939302428929E-4      0.0017816897431792162    0.010508                 -183.27460663221245
9.375E-4                  0.0018416666666666664    0.010508                 -181.5926472904099
9.309696512144641E-4      0.001483448715896083     0.010508                 -2.453382479202503
9.197757209715712E-4      0.001543425639383533     0.010508                 -24.715678231957668
9.085817907286785E-4      0.001603402562870983     0.010508                 -38.56184800250594
8.973878604857856E-4      0.0016633794863584331    0.010508                 -43.99189179084806
8.861939302428928E-4      0.001723356409845883     0.010508                 -41.00580959698209
8.75E-4                   0.001783333333333333     0.010508                 -23.816637637040003
8.572757209715713E-4      0.0014850923060501999    0.010508                 -3.0766680338379047
8.460817907286783E-4      0.0015450692295376498    0.010508                 5.680122310154047
8.348878604857856E-4      0.0016050461530250997    0.010508                 22.853038636353176
8.236939302428928E-4      0.0016650230765125498    0.010508                 48.442080944758345
8.125000000000001E-4      0.0017249999999999998    0.010508                 81.97252160805897
7.835817907286785E-4      0.0014867358962043164    0.010508                 -2.8988138706755535
7.723878604857856E-4      0.0015467128196917665    0.010508                 36.877062570063345
7.611939302428928E-4      0.0016066897431792164    0.010508                 85.0690649930093
7.5E-4                    0.0016666666666666666    0.010508                 135.77483044488554
7.098878604857857E-4      0.0014883794863584333    0.010508                 -1.9198199897155064
6.986939302428928E-4      0.0015483564098458832    0.010508                 68.87514254777125
6.875E-4                  0.0016083333333333331    0.010508                 137.59028887344084
6.361939302428929E-4      0.0014900230765125498    0.010508                 -0.13968639095719482
6.25E-4                   0.00155                  0.010508                 87.41889689372465
5.625000000000001E-4      0.0014916666666666665    0.010508                 -14.739345494262693
5.0E-4                    9.666666666666669E-4     0.010508                 3.928469111382251
5.41607732535177E-4       9.79880597105599E-4      0.010508                 43.39875574734873
5.0E-4                    0.0010250000000000003    0.010508                 0
5.41607732535177E-4       0.0010382139304389321    0.010508                 64.67644676016357
5.832154650703541E-4      9.93094527544531E-4      0.010508                 72.3896796102278
5.832154650703542E-4      0.0010514278608778642    0.010508000000000002     120.72679742081516
6.248231976055312E-4      0.0010063084579834628    0.010508                 92.8654752557108
6.248231976055312E-4      0.0010646417913167962    0.010508                 168.15105198195556
6.664309301407081E-4      0.001019522388422395     0.010508                 104.82614268379746
6.664309301407081E-4      0.0010778557217557283    0.010508                 206.94921044358432
7.080386626758851E-4      0.001032736318861327     0.010508                 108.27168189448798
7.080386626758851E-4      0.0010910696521946603    0.010508000000000002     237.12127280570115
7.496463952110622E-4      0.001045950249300259     0.010508                 103.20209288778227
7.496463952110623E-4      0.0011042835826335922    0.010508                 258.6672390683068
7.912541277462393E-4      0.001059164179739191     0.010508                 89.61737566368042
5.0E-4                    0.0010833333333333335    0.010508                 0
5.41607732535177E-4       0.0010965472637722655    0.010508                 46.527656565461655
5.832154650703541E-4      0.0011097611942111976    0.010508                 84.42921703141167
6.24823197605531E-4       0.0011229751246501296    0.010508                 113.70468139784987
6.664309301407081E-4      0.0011361890550890615    0.010508                 134.35404966477677
7.080386626758852E-4      0.0011494029855279937    0.010508                 146.37732183219154
5.0E-4                    0.0011416666666666667    0.010508                 0
5.41607732535177E-4       0.001154880597105599     0.010508                 28.378866370759738
5.832154650703541E-4      0.0011680945275445308    0.010508                 48.13163664200772
6.248231976055312E-4      0.0011813084579834628    0.010508                 59.25831081374429
6.664309301407081E-4      0.0011945223884223949    0.010508                 61.758888885968986
5.0E-4                    0.0012000000000000001    0.010508                 0
5.41607732535177E-4       0.0012132139304389322    0.010508                 10.230076176057878
5.832154650703541E-4      0.0012264278608778642    0.010508                 11.834056252604
6.248231976055312E-4      0.001239641791316796     0.010508                 4.811940229638367
5.0E-4                    0.0012583333333333335    0.010508                 0
5.41607732535177E-4       0.0012715472637722654    0.010508                 -7.918714018644096
5.832154650703541E-4      0.0012847611942111974    0.010508                 -24.46352413679989
5.0E-4                    0.0013166666666666667    0.010508                 0
5.41607732535177E-4       0.0013298805971055988    0.010508                 -26.067504213345984
5.0E-4                    0.001375                 0.010508                 0
7.887034264521477E-4      0.0010247127438667066    0.010508                 -182.10409763227796
7.470956939169706E-4      0.0010114988134277746    0.010508000000000002     -134.99727775030254
7.054879613817935E-4      9.982848829888425E-4     0.010508                 -96.29461820360854
6.638802288466165E-4      9.850709525499105E-4     0.010508                 -65.99611899219514
6.222724963114395E-4      9.718570221109785E-4     0.010508000000000002     -44.1017801160622
5.806647637762624E-4      9.586430916720466E-4     0.010508                 -30.61160157521057
5.390570312410855E-4      9.454291612331146E-4     0.010508                 -31.17836955117315
7.86152725158056E-4       9.902613079942222E-4     0.010508                 -146.03428670038105
7.445449926228789E-4      9.770473775552902E-4     0.010508                 -110.05874174243058
7.029372600877019E-4      9.638334471163581E-4     0.010508                 -82.48735711976082
6.613295275525249E-4      9.506195166774263E-4     0.010508                 -63.320132832371826
6.197217950173479E-4      9.374055862384943E-4     0.010508                 -52.55706888026336
5.781140624821708E-4      9.241916557995622E-4     0.010508                 -55.446134944304355
7.836020238639644E-4      9.558098721217378E-4     0.010508                 -111.18445647126333
7.419942913287874E-4      9.425959416828058E-4     0.010508                 -86.34018643733677
7.003865587936103E-4      9.293820112438738E-4     0.010508                 -69.90007673869161
6.587788262584333E-4      9.161680808049418E-4     0.010508                 -61.86412737532686
6.171710937232563E-4      9.029541503660098E-4     0.010508                 -66.91059251232038
7.810513225698728E-4      9.213584362492535E-4     0.010508                 -77.55460694492382
7.394435900346958E-4      9.081445058103215E-4     0.010508                 -63.84161183502175
6.978358574995187E-4      8.949305753713895E-4     0.010508                 -58.532777060400576
6.562281249643416E-4      8.817166449324574E-4     0.010508                 -65.57174225522132
7.785006212757811E-4      8.869070003767691E-4     0.010508                 -45.144738121362224
7.368928887406042E-4      8.736930699378371E-4     0.010508                 -42.56301793548489
6.952851562054272E-4      8.604791394989051E-4     0.010508                 -51.429584173007
7.759499199816895E-4      8.524555645042847E-4     0.010508                 -13.954850000579825
7.343421874465125E-4      8.392416340653526E-4     0.010508                 -24.484118265677374
7.733992186875979E-4      8.180041286318003E-4     0.010508                 15.264655466767326
5.0E-4                    0.0019                   0.010508                 464.58346457260814
5.0E-4                    0.0018416666666666666    0.010508                 377.271710251567
5.625000000000001E-4      0.0018999999999999998    0.010508                 347.91336315401895
5.625000000000001E-4      0.0018416666666666666    0.010508                 288.7492228264005
5.0E-4                    0.0017833333333333334    0.010508                 291.59401979839186
5.625000000000001E-4      0.0017833333333333332    0.010508000000000002     231.21914636664837
5.0E-4                    0.001725                 0.010508                 207.55039321308246
5.625000000000001E-4      0.001725                 0.010508                 175.3231337747619
5.0E-4                    0.0016666666666666666    0.010508                 125.1408304956396
5.625000000000001E-4      0.0016666666666666666    0.010508                 121.06118505074187
5.0E-4                    0.0016083333333333334    0.010508                 44.36533164606195
5.625000000000001E-4      0.0016083333333333331    0.010508000000000002     68.43330019458722
5.0E-4                    0.00155                  0.010508                 -34.77610333564979
5.625000000000001E-4      0.00155                  0.010508                 17.4394792062983
5.0E-4                    0.0014916666666666667    0.010508                 -112.28347444949499
6.25E-4                   0.0019                   0.010508                 234.75163153135645
6.25E-4                   0.0018416666666666666    0.010508                 203.73510519716092
6.25E-4                   0.0017833333333333332    0.010508                 174.35264273083203
6.25E-4                   0.001725                 0.010508                 146.6042441323682
6.25E-4                   0.0016666666666666666    0.010508                 120.489909401771
6.25E-4                   0.0016083333333333334    0.010508                 96.00963853903932
6.875E-4                  0.0018999999999999998    0.010508                 125.09826970462063
6.875E-4                  0.0018416666666666666    0.010508                 122.22935736384841
6.875E-4                  0.0017833333333333332    0.010508                 120.994508890941
6.875E-4                  0.0017249999999999998    0.010508                 121.39372428590104
6.875E-4                  0.0016666666666666666    0.010508                 123.42700354872659
7.5E-4                    0.0018999999999999998    0.010508                 18.9532776738115
7.5E-4                    0.0018416666666666664    0.010508                 44.23197932646144
7.5E-4                    0.001783333333333333     0.010508                 71.14474484697803
7.5E-4                    0.0017249999999999998    0.010508                 99.6915742353599
8.125000000000001E-4      0.0018999999999999998    0.010508                 -83.68334456107141
8.125000000000001E-4      0.0018416666666666664    0.010508                 -30.257028914998955
8.125000000000001E-4      0.001783333333333333     0.010508                 24.80335059894105
8.75E-4                   0.0018999999999999996    0.010508                 -182.81159700002763
8.75E-4                   0.0018416666666666664    0.010508                 -101.23766736053153
9.375E-4                  0.0018999999999999998    0.010508                 -278.43147964305695
0.0020625                 5.000000000000001E-4     0.010508000000000002     250.90671453683217
0.0020796564879067858     5.581269128531722E-4     0.010508000000000002     178.48708746956405
0.002125                  5.000000000000001E-4     0.010508                 166.46939591033015
0.002142156487906786      5.581269128531722E-4     0.010508000000000002     119.8650902861084
0.0021875                 5.0E-4                   0.010508                 79.90980681049882
0.002204656487906786      5.581269128531722E-4     0.010508000000000002     59.12082262932347
0.0022500000000000003     5.0E-4                   0.010508                 -8.77205276266227
0.002267156487906786      5.581269128531722E-4     0.010508000000000002     -3.7457155007919027
0.0023125000000000003     5.0E-4                   0.010508                 -99.5761828091529
0.002329656487906786      5.581269128531722E-4     0.010508000000000002     -68.73452410423681
0.002375                  5.0E-4                   0.010508                 -192.5025833289742
0.002392156487906786      5.581269128531721E-4     0.010508                 -135.84560318101092
0.0024375000000000004     5.0E-4                   0.010508                 -287.55125432212515
0.002454656487906786      5.581269128531721E-4     0.010508                 -206.80641829794484
0.0025                    5.0E-4                   0.010508                 -386.09605535041965
0.0020968129758135714     6.162538257063443E-4     0.010508                 118.91789377191094
0.0021593129758135715     6.162538257063443E-4     0.010508                 86.11121803150255
0.0022218129758135715     6.162538257063443E-4     0.010508                 51.18227181776274
0.0022843129758135716     6.162538257063443E-4     0.010508                 14.131055130694108
0.0023468129758135716     6.162538257063443E-4     0.010508                 -25.0424320297044
0.0024093129758135713     6.162538257063443E-4     0.010508                 -68.20987331126125
0.0021139694637203575     6.743807385595165E-4     0.010508                 72.19913344387322
0.002176469463720357      6.743807385595165E-4     0.010508                 65.20777914651023
0.002238969463720357      6.743807385595165E-4     0.010508                 56.094154375817055
0.0023014694637203572     6.743807385595164E-4     0.010508                 44.8582591317946
0.0023639694637203573     6.743807385595164E-4     0.010508                 29.693579609631197
0.0021311259516271427     7.325076514126886E-4     0.010508                 38.33080648544956
0.002193625951627143      7.325076514126886E-4     0.010508                 57.154773631133
0.002256125951627143      7.325076514126886E-4     0.010508                 73.85647030348636
0.002318625951627143      7.325076514126886E-4     0.010508                 86.90394046473233
0.002148282439533929      7.906345642658607E-4     0.010508                 17.31291289664125
0.0022107824395339285     7.906345642658607E-4     0.010508                 61.95220148537037
0.0022732824395339285     7.906345642658607E-4     0.010508                 103.42120925404274
0.0021654389274407145     8.487614771190328E-4     0.010508                 9.145452677447679
0.0022279389274407146     8.487614771190328E-4     0.010508                 79.24538597756148
0.0021825954153475        9.068883899722049E-4     0.010508                 14.376470635289127
0.0024999999999999996     9.083333333333333E-4     0.010507999999999998     90.35023512350398
0.0024546564879067852     9.081269128531722E-4     0.010507999999999998     76.23987744454492
0.002409312975813571      9.079204923730111E-4     0.010507999999999998     63.24127138805824
0.002363969463720357      9.077140718928497E-4     0.010507999999999998     51.354416954043984
0.0023186259516271425     9.075076514126887E-4     0.010507999999999998     40.57931414250186
0.0022732824395339285     9.073012309325273E-4     0.010508                 30.915962953432086
0.002227938927440714      9.070948104523662E-4     0.010507999999999998     22.364363386834896
0.0024999999999999996     8.5E-4                   0.010507999999999997     20.75853185369681
0.0024546564879067852     8.497935795198389E-4     0.010507999999999997     27.667849029549757
0.0024093129758135713     8.495871590396776E-4     0.010508                 35.6889178278755
0.0023639694637203573     8.493807385595164E-4     0.010508                 44.82173824867279
0.002318625951627143      8.491743180793552E-4     0.010508                 55.066310291943125
0.0022732824395339285     8.48967897599194E-4      0.010508                 66.42263395768515
0.0024999999999999996     7.916666666666666E-4     0.010507999999999997     -48.38927747073353
0.0024546564879067857     7.914602461865055E-4     0.010507999999999998     -20.460285440068446
0.0024093129758135713     7.912538257063442E-4     0.010507999999999998     8.58045821306898
0.002363969463720357      7.910474052261831E-4     0.010507999999999998     38.732953488678646
0.002318625951627143      7.908409847460218E-4     0.010508                 69.99720038676102
0.0024999999999999996     7.333333333333333E-4     0.010507999999999998     -117.09319284978721
0.0024546564879067857     7.331269128531721E-4     0.010507999999999998     -68.14452596431033
0.0024093129758135717     7.329204923730109E-4     0.010508                 -18.084107456360556
0.002363969463720357      7.327140718928497E-4     0.010508                 33.08806267406098
0.0025                    6.75E-4                  0.010508                 -185.35321428346418
0.0024546564879067857     6.747935795198388E-4     0.010508                 -115.38487254317488
0.0024093129758135717     6.745871590396776E-4     0.010508                 -44.30477918041344
0.0024999999999999996     6.166666666666666E-4     0.010507999999999998     -253.16934177176404
0.0024546564879067857     6.164602461865055E-4     0.010507999999999998     -162.18132517666265
0.0025                    5.583333333333333E-4     0.010508                 -320.54157531468775
7.733992186875979E-4      7.596707952984669E-4     0.010508                 145.74334785765387
7.343421874465125E-4      7.809083007320192E-4     0.010508                 80.36397245086806
6.952851562054272E-4      8.021458061655718E-4     0.010508000000000002     34.54945994178797
6.562281249643416E-4      8.233833115991241E-4     0.010508                 1.7031542729485842
6.171710937232563E-4      8.446208170326765E-4     0.010508                 -18.174944555649827
5.781140624821709E-4      8.658583224662288E-4     0.010508000000000002     -25.084836544007416
5.390570312410854E-4      8.870958278997811E-4     0.010508                 -19.02652169212415
5.0E-4                    9.083333333333335E-4     0.010508                 0
7.343421874465125E-4      7.225749673986859E-4     0.010508                 190.23748170486084
6.952851562054271E-4      7.438124728322384E-4     0.010508                 123.57263014470146
6.562281249643417E-4      7.650499782657907E-4     0.010508                 72.92169043527946
6.171710937232563E-4      7.86287483699343E-4      0.010508                 35.23895756609836
5.781140624821708E-4      8.075249891328955E-4     0.010508                 10.52443153715797
5.390570312410854E-4      8.287624945664478E-4     0.010508                 -1.2218876515414205
5.0E-4                    8.500000000000002E-4     0.010508                 0
6.952851562054272E-4      6.85479139498905E-4      0.010508                 212.96007818120606
6.562281249643416E-4      7.067166449324573E-4     0.010508                 144.14022659761025
6.171710937232563E-4      7.279541503660096E-4     0.010508                 88.65285968784647
5.781140624821709E-4      7.49191655799562E-4      0.010508                 46.133699618323426
5.390570312410854E-4      7.704291612331145E-4     0.010508                 16.582746389041265
5.0E-4                    7.916666666666669E-4     0.010508                 0
6.562281249643416E-4      6.48383311599124E-4      0.010508                 213.91113728668884
6.171710937232563E-4      6.696208170326763E-4     0.010508                 142.0667618095946
5.781140624821708E-4      6.908583224662288E-4     0.010508                 81.74296769948882
5.390570312410854E-4      7.120958278997811E-4     0.010508                 34.38738042962399
5.0E-4                    7.333333333333334E-4     0.010508                 0
6.171710937232563E-4      6.11287483699343E-4      0.010508                 193.0906590213098
5.781140624821709E-4      6.325249891328954E-4     0.010508                 117.35223578065427
5.390570312410854E-4      6.537624945664477E-4     0.010508                 52.192014470206715
5.0E-4                    6.75E-4                  0.010508                 0
5.781140624821708E-4      5.741916557995619E-4     0.010508                 150.49864338506853
5.390570312410854E-4      5.954291612331144E-4     0.010508                 69.99664851078941
5.0E-4                    6.166666666666667E-4     0.010508                 0
5.390570312410855E-4      5.37095827899781E-4      0.010508                 86.13509037796527
5.0E-4                    5.583333333333334E-4     0.010508                 0
5.0E-4                    5.0E-4                   0.010508                 0
7.968421874465125E-4      7.22574967398686E-4      0.010508                 97.6952239473328
7.577851562054271E-4      6.85479139498905E-4      0.010508000000000002     133.66772037477608
7.187281249643417E-4      6.483833115991241E-4     0.010508                 148.73820330141916
6.796710937232562E-4      6.11287483699343E-4      0.010508                 142.90667272726432
6.406140624821709E-4      5.741916557995619E-4     0.010508000000000002     116.1731286523086
6.015570312410854E-4      5.370958278997811E-4     0.010508                 68.53757107655429
5.625E-4                  5.0E-4                   0.010508                 0
8.202851562054271E-4      6.854791394989051E-4     0.010508000000000002     54.011084734755514
7.812281249643417E-4      6.48383311599124E-4      0.010508                 85.01289478940316
7.421710937232562E-4      6.11287483699343E-4      0.010508                 95.11269134325198
7.031140624821708E-4      5.741916557995619E-4     0.010508                 84.3104743963006
6.640570312410854E-4      5.37095827899781E-4      0.010508000000000002     52.60624394855006
6.249999999999999E-4      5.0E-4                   0.010508                 0
8.437281249643416E-4      6.48383311599124E-4      0.010508                 21.28758627738671
8.046710937232562E-4      6.11287483699343E-4      0.010508                 47.318709959239186
7.656140624821708E-4      5.741916557995619E-4     0.010508                 52.44782014029238
7.265570312410853E-4      5.370958278997811E-4     0.010508                 36.67491682054583
6.875E-4                  5.0E-4                   0.010508                 0
8.671710937232562E-4      6.11287483699343E-4      0.010508                 -0.47527142477315465
8.281140624821707E-4      5.741916557995619E-4     0.010508                 20.585165884283924
7.890570312410854E-4      5.37095827899781E-4      0.010508                 20.74358969254172
7.499999999999999E-4      5.0E-4                   0.010508                 0
8.906140624821708E-4      5.741916557995619E-4     0.010508                 -11.27748837172453
8.515570312410853E-4      5.37095827899781E-4      0.010508                 4.812262564537605
8.124999999999999E-4      5.0E-4                   0.010508                 0
9.140570312410853E-4      5.37095827899781E-4      0.010508                 -11.119064563466509
8.749999999999998E-4      5.0E-4                   0.010508                 0
9.374999999999997E-4      5.0E-4                   0.010508000000000002     0
