% Model:              stripline_filter_simple_decomp_new_mesh.mph
% Version:            COMSOL 6.1.0.252
% Date:               May 4 2023, 12:45
% Dimension:          3
% Nodes:              953
% Expressions:        1
% Description:        Surface
% X                       Y                        Z                        real(emw.Ey)
0.0025                    0.0019                   0.005608                 -5.889652088400511E-13
0.0024375000000000004     0.0019                   0.005608                 241.55599045867575
0.0025                    0.0018416666666666666    0.005608                 -4.1782858131624577E-13
0.0024375                 0.0018416666666666668    0.005608                 241.53593801444492
0.002375                  0.0019000000000000002    0.005608                 477.32174638898186
0.002375                  0.0018416666666666666    0.005608000000000001     477.28164150051975
0.0023125000000000003     0.0019                   0.005608000000000001     707.2972677909174
0.0023125                 0.0018416666666666666    0.005608000000000001     707.2371104582243
0.0022500000000000003     0.0019000000000000002    0.005608000000000001     931.4825546644827
0.0022500000000000003     0.0018416666666666668    0.005608000000000001     931.4023448875587
0.0021875                 0.0019000000000000002    0.005608000000000001     1149.8776070096776
0.0021875                 0.0018416666666666668    0.005608000000000002     1149.7773447885224
0.0021250000000000006     0.0019                   0.005608000000000002     1362.4824248265022
0.0021250000000000006     0.0018416666666666668    0.005608000000000002     1362.3621101611159
0.0020625000000000005     0.0019000000000000002    0.005608000000000002     1569.2970081149565
0.0020625000000000005     0.0018416666666666668    0.005608000000000002     1523.8965880830356
0.0020000000000000005     0.0019000000000000002    0.005608000000000002     1699.00156103345
0.0025                    0.0017833333333333334    0.005608                 -2.3799812822291995E-13
0.0024375                 0.0017833333333333334    0.005608000000000001     241.51588557021404
0.0023750000000000004     0.0017833333333333334    0.005608000000000001     477.2415366120579
0.0023125000000000003     0.0017833333333333334    0.005608000000000001     707.1769531255316
0.0022500000000000003     0.0017833333333333334    0.005608000000000002     931.3221351106346
0.0021875                 0.0017833333333333336    0.005608000000000002     1149.6770825673675
0.0021250000000000006     0.0017833333333333334    0.005608000000000002     1326.1043719666052
0.0025                    0.001725                 0.005608                 -5.895620427834146E-14
0.0024375                 0.001725                 0.005608                 241.4958331259831
0.002375                  0.0017250000000000004    0.005608                 477.201431723596
0.0023125000000000003     0.001725                 0.005608000000000001     707.1167957928385
0.0022500000000000003     0.0017250000000000004    0.005608000000000002     931.2419253337107
0.0021875                 0.0017250000000000004    0.005608000000000002     1120.9032339829484
0.0025                    0.0016666666666666668    0.005608                 1.3256794798910968E-13
0.0024375                 0.001666666666666667     0.005608                 241.47578068175233
0.0023750000000000004     0.001666666666666667     0.005608000000000001     477.16132683513405
0.0023125000000000003     0.0016666666666666668    0.005608000000000002     707.0566384601455
0.0022500000000000003     0.001666666666666667     0.005608000000000002     908.2931741320658
0.0025                    0.0016083333333333336    0.005608                 3.1646559554109543E-13
0.0024375000000000004     0.0016083333333333336    0.005608000000000001     241.45572823752133
0.0023750000000000004     0.0016083333333333336    0.005608000000000002     477.1212219466721
0.0023125000000000003     0.0016083333333333336    0.005608000000000002     688.2741924139567
0.0025                    0.0015500000000000002    0.005608                 4.696726855793338E-13
0.0024375                 0.0015500000000000002    0.005608000000000001     241.43567579329056
0.002375                  0.0015500000000000002    0.005608000000000001     460.84628882862154
0.0025                    0.001491666666666667     0.005608000000000001     7.012538584622875E-13
0.0024375000000000004     0.001491666666666667     0.005608000000000001     226.0094633760601
0.0025                    0.0014333333333333336    0.005608000000000001     -13.72820525503764
0.0019354009108757402     0.0012544340293143587    0.005608                 1852.1957007579554
0.0020059757970162725     0.0012767964423167305    0.005608                 1649.642018255653
0.0019434757970162727     0.001335129775650064     0.005608                 1816.8094733090677
0.0020140506831568053     0.0013574921886524358    0.005608                 1620.890379699054
0.0020765506831568054     0.0012991588553191023    0.005608                 1439.6569567641322
0.0020846255692973377     0.0013798546016548076    0.005608000000000001     1415.4933755611246
0.0021471255692973373     0.0013215212683214744    0.005608                 1219.8050858285596
0.00215520045543787       0.0014022170146571796    0.005608                 1198.2360346586345
0.00221770045543787       0.001343883681323846     0.005608                 990.0864054489357
0.002225775341578403      0.0014245794276595513    0.005608                 969.1183569915834
0.002288275341578403      0.001366246094326218     0.005608                 750.5009156252601
0.0022963502277189352     0.0014469418406619233    0.005608000000000001     728.14034255997
0.002358850227718935      0.0013886085073285899    0.005608                 501.04861635753286
0.0023669251138594676     0.0014693042536642951    0.005608000000000001     475.3019913637961
0.0024294251138594677     0.0014109709203309617    0.005608000000000001     241.72950764575427
0.0019515506831568052     0.0014158255219857692    0.005608                 1793.2480563957795
0.0020221255692973376     0.0014381879349881408    0.005608000000000001     1597.6451017679083
0.00209270045543787       0.0014605503479905128    0.005608000000000001     1390.7590470632558
0.002163275341578403      0.0014829127609928849    0.005608                 1172.0126555940421
0.002233850227718935      0.0015052751739952565    0.005608000000000001     941.405927360267
0.0023044251138594676     0.0015276375869976285    0.005608000000000001     698.9388623619307
0.001959625569297338      0.0014965212683214742    0.005608000000000001     1769.4820050553778
0.0020302004554378704     0.001518883681323846     0.005608000000000001     1574.2143453733333
0.0021007753415784028     0.0015412460943262179    0.005608000000000001     1365.8392401019573
0.002171350227718935      0.00156360850732859      0.005608000000000001     1145.6037980660196
0.0022419251138594675     0.0015859709203309615    0.005608000000000001     913.5080192655209
0.0019677004554378703     0.0015772170146571794    0.005608000000000001     1745.5113192878632
0.0020382753415784027     0.0015995794276595513    0.005608000000000001     1550.598110515328
0.0021088502277189355     0.0016219418406619231    0.005608000000000001     1340.7339546772284
0.0021794251138594675     0.001644304253664295     0.005608000000000001     1119.0094620745672
0.0019757753415784026     0.0016579127609928847    0.005608000000000001     1721.3359990932358
0.0020463502277189355     0.0016802751739952565    0.005608000000000002     1526.7963971938927
0.002116925113859468      0.0017026375869976284    0.005608000000000002     1315.4431907890696
0.0019838502277189354     0.0017386085073285897    0.005608000000000002     1696.956044471495
0.002054425113859468      0.0017609709203309616    0.005608000000000002     1502.8092054090273
0.001991925113859468      0.001819304253664295     0.005608000000000002     1672.3714554226417
0.0025                    9.666666666666667E-4     0.005608                 -8.850919860995665E-14
0.0025                    0.001025                 0.005608                 -9.919911563049651E-14
0.002454656487906786      9.664602461865056E-4     0.005608                 173.0568167143712
0.0024546564879067857     0.001024793579519839     0.005608                 169.20101153238022
0.0025                    0.0010833333333333333    0.005608                 -2.1402959018636592E-14
0.002454656487906786      0.0010831269128531724    0.005608000000000001     169.1766070595786
0.0025                    0.0011416666666666667    0.005608                 5.637007261566655E-14
0.002454656487906786      0.0011414602461865058    0.005608                 169.15220258677692
0.0025                    0.0012000000000000001    0.005608                 1.3411997927241273E-13
0.002454656487906786      0.001199793579519839     0.005608                 169.1277981139753
0.0025                    0.0012583333333333335    0.005608                 2.118467609516021E-13
0.002454656487906786      0.0012581269128531724    0.005608000000000001     169.10339364117362
0.0025                    0.001316666666666667     0.005608                 2.895504176532347E-13
0.0024546564879067857     0.0013164602461865058    0.005608000000000001     169.07898916837203
0.0025                    0.0013750000000000001    0.005608000000000001     3.672309493773104E-13
0.002454656487906786      0.0013747935795198393    0.005608000000000001     160.88366983097825
0.002409312975813572      9.662538257063446E-4     0.005608                 344.48490282487774
0.002409312975813572      0.001024587159039678     0.005608                 336.8747387735767
0.002409312975813572      0.0010829204923730113    0.005608                 336.8259298279732
0.002409312975813572      0.0011412538257063447    0.005608                 336.7771208823699
0.002409312975813572      0.001199587159039678     0.005608                 336.72831193676654
0.002409312975813572      0.0012579204923730113    0.005608                 336.6795029911632
0.002409312975813572      0.0013162538257063447    0.005608                 330.6955430956715
0.002363969463720358      9.660474052261836E-4     0.005608                 514.2842583315195
0.002363969463720358      0.001024380738559517     0.005608                 503.02118172358917
0.002363969463720358      0.0010827140718928502    0.005608                 502.9479683051841
0.002363969463720358      0.0011410474052261836    0.005608                 502.874754886779
0.002363969463720358      0.001199380738559517     0.005608                 502.8015414683739
0.002363969463720358      0.0012577140718928502    0.005608                 498.2154932277319
0.002318625951627144      9.658409847460225E-4     0.005608                 682.4548832342965
0.002318625951627144      0.001024174318079356     0.005608                 667.6403403824179
0.002318625951627144      0.0010825076514126893    0.005608                 667.542722491211
0.002318625951627144      0.0011408409847460227    0.005608                 667.445104600004
0.002318625951627144      0.001199174318079356     0.005608                 663.4435202271598
0.0022732824395339303     9.656345642658615E-4     0.005608                 848.9967775332087
0.0022732824395339303     0.0010239678975991948    0.005608                 830.7322147500624
0.0022732824395339303     0.0010823012309325282    0.005608                 830.6101923860539
0.0022732824395339303     0.0011406345642658616    0.005608                 826.3796240939548
0.0022279389274407163     9.654281437857005E-4     0.005608                 1013.9099412282562
0.0022279389274407163     0.0010237614771190337    0.005608                 992.2968048265234
0.0022279389274407163     0.0010820948104523671    0.005608                 987.0238048281172
0.0021825954153475023     9.652217233055395E-4     0.005608                 1177.194374319439
0.0021825954153475023     0.0010235550566388728    0.005608                 1145.3760624296472
0.0021372519032542884     9.650153028253784E-4     0.005608                 1302.2226362160156
0.0019606322849230586     0.0012182566885032362    0.005608                 1788.963886308327
0.0020312071710635914     0.001240619101505608     0.005608                 1584.7491710429485
0.0019858636589703774     0.0011820793476921135    0.005608                 1722.0863157302188
0.0020564385451109094     0.0012044417606944854    0.005608                 1513.0776733610778
0.0020110950330176954     0.001145902006880991     0.005608                 1653.5647945423138
0.0020816699191582282     0.001168264419883363     0.005608                 1440.319364298925
0.0020363264070650143     0.0011097246660698686    0.005608                 1583.3993227446126
0.0021069012932055466     0.0011320870790722404    0.005608                 1366.4742438564904
0.002061557781112333      0.001073547325258746     0.005608                 1511.589900337115
0.002132132667252865      0.001095909738261118     0.005608                 1291.542312033774
0.002086789155159651      0.0010373699844476235    0.005608                 1438.1365273198207
0.0021573640413001835     0.0010597323974499953    0.005608                 1215.5235688307746
0.00211202052920697       0.001001192643636501     0.005608                 1363.0392036927303
0.0021017820572041238     0.0012629815145079799    0.005608000000000001     1365.7596403390426
0.002127013431251442      0.0012268041736968574    0.005608                 1291.1607813651026
0.0021522448052987606     0.0011906268328857347    0.005608                 1215.4751110108805
0.0021774761793460795     0.0011544494920746123    0.005608                 1138.7026292763762
0.002202707553393398      0.0011182721512634898    0.005608000000000001     1060.8433361615898
0.002172356943344656      0.0012853439275103517    0.005608                 1138.8968275115951
0.0021975883173919746     0.0012491665866992293    0.005608                 1061.3706072455852
0.002222819691439293      0.0012129892458881066    0.005608                 982.7575755992937
0.002248051065486612      0.0011768119050769841    0.005608                 903.0577325727203
0.002242931829485189      0.0013077063405127235    0.005608                 904.1607325606053
0.002268163203532507      0.001271528999701601     0.005608                 823.7071510025264
0.002293394577579826      0.0012353516588904786    0.005608                 742.1667580641653
0.002313506715625721      0.0013300687535150954    0.005608                 661.5513554860738
0.0023387380896730398     0.001293891412703973     0.005608                 578.1704126359255
0.0023840816017662537     0.0013524311665174674    0.005608                 411.06869628800126
0.0018896276406264224     0.001272779192179401     0.005608                 1944.1626801378038
0.001897702526766955      0.0013534749385151063    0.005608                 1912.1976619844952
0.0019057774129074875     0.0014341706848508115    0.005608000000000001     1888.0339630833134
0.00191385229904802       0.0015148664311865165    0.005608000000000001     1863.6464737913348
0.0019219271851885526     0.0015955621775222218    0.005608000000000001     1839.0351941085605
0.0019300020713290849     0.001676257923857927     0.005608000000000002     1814.2001240349907
0.0019380769574696176     0.001756953670193632     0.005608000000000002     1789.1412635706247
0.0019461518436101502     0.0018376494165293373    0.005608000000000002     1802.8799990462658
0.0018438543703771049     0.0012911243550444433    0.005608                 2023.65697337094
0.0018519292565176372     0.0013718201013801488    0.005608                 1998.7568827830444
0.00186000414265817       0.0014525158477158538    0.005608                 1975.7960914428359
0.0018680790287987025     0.0015332115940515588    0.005608                 1952.6115097118309
0.001876153914939235      0.0016139073403872643    0.005608000000000002     1929.2031375900306
0.0018842288010797674     0.0016946030867229693    0.005608000000000002     1905.5709750774326
0.0018923036872203        0.0017752988330586744    0.005608000000000002     1912.5029372405334
0.001798081100127787      0.0013094695179094859    0.005608                 2096.7757273309508
0.0018061559862683194     0.0013901652642451911    0.005608                 2078.869561941362
0.0018142308724088522     0.0014708610105808964    0.005608                 2057.1116781621267
0.0018223057585493845     0.0015515567569166014    0.005608                 2035.130003992095
0.001830380644689917      0.0016322525032523066    0.005608000000000001     2012.9245394312675
0.0018384555308304496     0.0017129482495880119    0.005608000000000001     2012.592054317462
0.0017523078298784692     0.0013278146807745282    0.005608                 2163.518942017837
0.001760382716019002      0.0014085104271102334    0.005608                 2152.5356994594486
0.0017684576021595342     0.0014892061734459385    0.005608                 2131.980723241186
0.001776532488300067      0.0015699019197816437    0.005608000000000001     2111.201956632128
0.0017846073744405993     0.001650597666117349     0.005608000000000001     2103.1473502770527
0.0017065345596291516     0.0013461598436395705    0.005608                 2223.886617431599
0.0017146094457696842     0.0014268555899752758    0.005608                 2219.7552953373033
0.0017226843319102167     0.001507551336310981     0.005608000000000001     2200.403226680014
0.0017307592180507492     0.001588247082646686     0.005608000000000001     2184.1688251193054
0.0016607612893798336     0.001364505006504613     0.005608                 2277.878753572236
0.0016688361755203664     0.0014452007528403183    0.005608                 2280.5283495749272
0.0016769110616608987     0.0015258964991760235    0.005608                 2255.6564788442192
0.0016149880191305161     0.0013828501693696554    0.005608                 2325.4953504397477
0.0016230629052710486     0.0014635459157053606    0.005608                 2317.6103114517955
0.0015692147488811984     0.0014011953322346977    0.005608                 2357.7416264225535
8.124562499286845E-4      7.96766623198248E-4      0.005608                 1123.4319534147553
8.358992186875989E-4      7.596707952984669E-4     0.005608                 1189.0569719987925
8.593158846330676E-4      8.124721127806757E-4     0.005608                 1266.3208020680206
8.827588533919821E-4      7.753762848808947E-4     0.005608                 1335.7373669399774
8.593421874465135E-4      7.225749673986859E-4     0.005607999999999999     1260.67548193538
9.062018221508965E-4      7.382804569811138E-4     0.005608                 1403.842398252756
8.82785156205428E-4       6.85479139498905E-4      0.005608                 1330.9953107386928
9.29644790909811E-4       7.011846290813328E-4     0.005608                 1470.618088661748
9.062281249643424E-4      6.48383311599124E-4      0.005608                 1400.0164584087306
9.530877596687255E-4      6.640888011815517E-4     0.005608                 1536.064438166953
9.296710937232568E-4      6.11287483699343E-4      0.005607999999999999     1467.738924945494
9.7653072842764E-4        6.269929732817708E-4     0.005608                 1600.1814467683712
9.531140624821714E-4      5.741916557995619E-4     0.005608                 1534.1627103489827
9.999736971865545E-4      5.898971453819898E-4     0.005608                 1662.969114466002
9.765570312410857E-4      5.37095827899781E-4      0.005607999999999999     1599.287814619197
0.001023416665945469      5.528013174822088E-4     0.005607999999999999     1725.669506087914
0.0010000000000000002     5.0E-4                   0.005607999999999999     1664.4548073212954
9.061755193374508E-4      8.281776023631034E-4     0.005608                 1402.9263036817533
9.296184880963653E-4      7.910817744633226E-4     0.005608                 1469.049816514298
9.530614568552797E-4      7.539859465635415E-4     0.005608                 1534.4128623382444
9.765044256141942E-4      7.168901186637605E-4     0.005608                 1598.4465672584033
9.999473943731086E-4      6.797942907639796E-4     0.005608                 1661.1509312747753
0.001023390363132023      6.426984628641985E-4     0.005608                 1722.5259543873601
0.0010468333318909375     6.056026349644176E-4     0.005608                 1783.651935978665
9.530351540418341E-4      8.438830919455314E-4     0.005608                 1534.2115777104289
9.764781228007483E-4      8.067872640457503E-4     0.005608                 1596.7118763539534
9.999210915596628E-4      7.696914361459694E-4     0.005607999999999999     1659.3329366890666
0.0010233640603185773     7.325956082461884E-4     0.005608                 1720.6246561203925
0.0010468070290774918     6.954997803464074E-4     0.005607999999999999     1780.5870346479314
0.0010702499978364063     6.584039524466265E-4     0.005607999999999999     1839.9090060294345
9.99894788746217E-4       8.595885815279591E-4     0.005608                 1660.176624154048
0.0010233377575051316     8.224927536281781E-4     0.005608                 1718.723546458943
0.001046780726264046      7.853969257283972E-4     0.005608                 1778.6026213052228
0.0010702236950229605     7.483010978286161E-4     0.005608                 1837.152355247716
0.001093666663781875      7.112052699288352E-4     0.005608                 1894.440716240221
0.0010467544234506        8.752940711103869E-4     0.005608                 1780.82144301261
0.0010701973922095146     8.381982432106059E-4     0.005608                 1835.0848268292666
0.001093640360968429      8.011024153108249E-4     0.005608                 1892.2219161867133
0.0011170833297273436     7.640065874110439E-4     0.005608                 1947.2470666110255
0.0010936140581549833     8.909995606928148E-4     0.005608                 1896.1460342861153
0.0011170570269138978     8.539037327930338E-4     0.005608                 1945.795717464924
0.0011404999956728123     8.168079048932528E-4     0.005607999999999999     1998.328057141848
0.0011404736928593666     9.067050502752426E-4     0.005608                 2006.1503979745635
0.001163916661618281      8.696092223754615E-4     0.005608                 2047.6836878326878
0.0011873333275637496     9.224105398576703E-4     0.005608                 2099.1706033205273
0.0010895514419431407     0.0014201846121003978    0.005608                 1913.4874564679515
0.0011017741776457167     0.001357962853070057     0.005608                 1909.8139871862923
0.0011495093553103978     0.0014178109521171853    0.005608                 2034.0584850789705
0.001161732091012974      0.0013555891930868444    0.005608                 2012.9888992717838
0.001113996913348293      0.001295741094039716     0.005608                 1935.3262244900757
0.00117395482671555       0.0012933674340565033    0.005608                 2038.2959642397077
0.0011262196490508692     0.001233519335009375     0.005608                 1960.3591345038483
0.0011861775624181262     0.0012311456750261625    0.005608                 2063.088983850673
0.0011384423847534452     0.001171297575979034     0.005608                 1984.9127172276103
0.0011984002981207022     0.0011689239159958216    0.005608                 2087.367958104679
0.0011506651204560212     0.001109075816948693     0.005608                 2008.9869726613626
0.0012106230338232782     0.0011067021569654805    0.005608                 2111.1328870017273
0.0011628878561585974     0.0010468540579183522    0.005608                 2032.5819008051037
0.0012228457695258545     0.0010444803979351397    0.005608                 2134.3837705418173
0.0011751105918611736     9.846322988880112E-4     0.005608                 2055.6975016588344
0.0012350685052284307     9.822586389047988E-4     0.005608                 2181.2099881946415
0.001209467268677655      0.0014154372921339727    0.005608                 2118.7497918437484
0.0012216900043802313     0.001353215533103632     0.005608                 2108.0345119222025
0.0012339127400828073     0.001290993774073291     0.005608                 2130.7443098879025
0.0012461354757853835     0.00122877201504295      0.005608                 2152.940062496644
0.0012583582114879595     0.001166550256012609     0.005608                 2174.6217697484267
0.0012705809471905357     0.0011043284969822682    0.005608                 2195.789431643251
0.0012828036828931117     0.001042106737951927     0.005608                 2232.414587131434
0.0012694251820449124     0.0014130636321507603    0.005608                 2190.8388045505394
0.0012816479177474884     0.0013508418731204195    0.005608                 2189.9682984976994
0.0012938706534500646     0.0012886201140900784    0.005608                 2210.080829461175
0.0013060933891526406     0.0012263983550597375    0.005608                 2229.6793150676936
0.0013183161248552168     0.0011641765960293967    0.005608                 2248.7637553172526
0.0013305388605577928     0.0011019548369990556    0.005608                 2275.588400551662
0.0013293830954121694     0.0014106899721675478    0.005608                 2250.3255231993453
0.0013416058311147457     0.001348468213137207     0.005608                 2258.790258998274
0.0013538285668173219     0.0012862464541068658    0.005608                 2276.3055229595266
0.0013660513025198979     0.001224024695076525     0.005608                 2293.3067415638207
0.0013782740382224739     0.0011618029360461841    0.005608                 2310.731428455324
0.0013893410087794267     0.0014083163121843352    0.005608                 2297.209947790165
0.001401563744482003      0.0013460945531539943    0.005608                 2314.5003934239257
0.001413786480184579      0.0012838727941236533    0.005608                 2329.4183903829553
0.0014260092158871552     0.0012216510350933124    0.005608                 2337.8436708424233
0.001449298922146684      0.0014059426522011228    0.005608                 2331.492078322999
0.00146152165784926       0.0013437208931707818    0.005608                 2357.0987017746575
0.001473744393551836      0.001281499134140441     0.005608                 2356.925127712957
0.0015092568355139413     0.0014035689922179103    0.005608                 2353.1719147978474
0.0015214795712165173     0.0013413472331875694    0.005608                 2367.9757990669254
8.328618602814163E-4      0.001072378110178123     0.005608                 1192.3533676665454
8.303111589873249E-4      0.0010379266743056387    0.005608                 1158.5746636260499
8.771707936917079E-4      0.0010536321638880664    0.005608                 1295.3232843170115
8.746200923976165E-4      0.001019180728015582     0.005608                 1294.3934823065101
8.277604576932333E-4      0.0010034752384331543    0.005608                 1153.973178570512
8.720693911035251E-4      9.847292921430979E-4     0.005608                 1289.7398210294327
8.252097563991418E-4      9.690238025606699E-4     0.005608                 1149.3616321596403
8.695186898094334E-4      9.502778562706132E-4     0.005608                 1285.0772994035945
8.226590551050504E-4      9.345723666881855E-4     0.005608                 1144.7400243934346
8.66967988515342E-4       9.158264203981289E-4     0.005608                 1280.405917428995
8.20108353810959E-4       9.001209308157011E-4     0.005608                 1140.108355271895
8.644172872212506E-4      8.813749845256446E-4     0.005608                 1275.7256751056343
8.175576525168675E-4      8.656694949432167E-4     0.005608                 1135.466624795022
8.618665859271592E-4      8.469235486531601E-4     0.005608                 1271.036572433513
8.15006951222776E-4       8.312180590707324E-4     0.005608                 1130.8148329628148
9.214797271019996E-4      0.0010348862175980098    0.005608                 1424.690996999916
9.189290258079082E-4      0.0010004347817255256    0.005608                 1425.810391306486
9.163783245138167E-4      9.65983345853041E-4      0.005608                 1421.3650692580995
9.138276232197252E-4      9.315319099805566E-4     0.005608                 1416.9108868609515
9.112769219256337E-4      8.970804741080722E-4     0.005608                 1412.4478441150427
9.087262206315423E-4      8.62629038235588E-4      0.005608                 1407.9759410203726
9.657886605122913E-4      0.0010161402713079533    0.005608                 1548.9908378929981
9.632379592181999E-4      9.81688835435469E-4      0.005608                 1552.6627736771566
9.606872579241083E-4      9.472373995629846E-4     0.005608                 1548.4257908574602
9.581365566300169E-4      9.127859636905002E-4     0.005608                 1544.1799476890028
9.555858553359255E-4      8.783345278180158E-4     0.005608                 1539.9252441717845
0.001010097593922583      9.973943250178967E-4     0.005608                 1668.2228069962591
0.0010075468926284915     9.629428891454123E-4     0.005608                 1674.9506294185212
0.0010049961913344        9.284914532729279E-4     0.005608                 1670.921985827515
0.0010024454900403085     8.940400174004435E-4     0.005608                 1666.8844818877483
0.0010544065273328746     9.7864837872784E-4       0.005608                 1782.386904309698
0.0010518558260387831     9.441969428553557E-4     0.005608                 1792.6739585305795
0.0010493051247446915     9.097455069828713E-4     0.005608                 1788.8536541682643
0.0010987154607431664     9.599024324377836E-4     0.005608                 1891.4831298333152
0.0010961647594490748     9.254509965652992E-4     0.005608                 1905.8327610133326
0.001143024394153458      9.41156486147727E-4      0.005608                 1995.5114835671102
8.649480579891319E-4      0.0011158539229184075    0.005608                 1287.6911393880862
9.092569913994235E-4      0.0010971079766283506    0.005608                 1389.2368584021567
9.535659248097151E-4      0.0010783620303382942    0.005608                 1512.766796261761
9.97874858220007E-4       0.0010596160840482378    0.005608                 1630.7255171710285
0.0010421837916302986     0.001040870137758181     0.005608                 1743.1130211299583
0.0010864927250405902     0.0010221241914681245    0.005608                 1849.9293081385495
0.001130801658450882      0.001003378245178068     0.005608                 1951.1743781968028
8.970342556968474E-4      0.0011593297356586917    0.005608                 1385.813108025864
9.41343189107139E-4       0.0011405837893686353    0.005608                 1483.9982036625556
9.856521225174307E-4      0.0011218378430785786    0.005608                 1603.5312237872429
0.0010299610559277223     0.001103091896788522     0.005608                 1717.4930269615918
0.001074269989338014      0.0010843459504984653    0.005608                 1825.883613185603
0.0011185789227483056     0.0010656000042084087    0.005608                 1928.7029824592764
9.291204534045629E-4      0.0012028055483989761    0.005608                 1481.2576457655325
9.734293868148545E-4      0.0011840596021089195    0.005608                 1575.8923211803944
0.0010177383202251463     0.0011653136558188628    0.005608                 1691.4284235701634
0.001062047253635438      0.0011465677095288064    0.005608                 1801.3933090095943
0.0011063561870457296     0.0011278217632387498    0.005608                 1905.7869774986877
9.612066511122785E-4      0.0012462813611392605    0.005608                 1574.0247526070912
0.0010055155845225701     0.0012275354148492037    0.005608                 1664.9192109556723
0.001049824517932862      0.0012087894685591473    0.005608                 1776.458395610523
0.0010941334513431536     0.0011900435222690908    0.005608                 1882.4263633150358
9.932928488199941E-4      0.0012897571738795448    0.005608                 1664.11442855054
0.0010376017822302857     0.0012710112275894883    0.005608                 1751.0788729883889
0.0010819107156405773     0.0012522652812994315    0.005608                 1858.621139908322
0.0010253790465277095     0.0013332329866198292    0.005608                 1751.5266735958792
0.0010696879799380013     0.0013144870403297725    0.005608                 1834.3713072785458
0.0010574652442354251     0.0013767087993601134    0.005608                 1836.2614877431085
7.912541277462393E-4      0.0011174975130725244    0.005608                 1087.084128179607
8.233403254539549E-4      0.0011609733258128086    0.005608                 1169.770417182398
8.554265231616703E-4      0.001204449138553093     0.005608                 1270.0076198339593
8.875127208693859E-4      0.0012479249512933773    0.005608                 1367.7571884318618
9.195989185771015E-4      0.0012914007640336617    0.005608                 1463.0191229761053
9.516851162848171E-4      0.0013348765767739461    0.005608                 1555.7934234666905
9.837713139925325E-4      0.0013783523895142303    0.005608                 1646.080089903617
0.0010158575117002481     0.0014218282022545148    0.005608                 1708.1037537915363
7.496463952110622E-4      0.0011626169159669256    0.005608                 933.7755552626742
7.817325929187778E-4      0.00120609272870721      0.005608                 1021.3412763574108
8.138187906264933E-4      0.0012495685414474944    0.005608                 1124.3300073802943
8.459049883342088E-4      0.0012930443541877786    0.005608                 1224.8311043495196
8.779911860419244E-4      0.001336520166928063     0.005608                 1322.8445672650857
9.1007738374964E-4        0.0013799959796683473    0.005608                 1418.370396126993
9.421635814573556E-4      0.0014234717924086317    0.005608                 1495.5446599547372
7.080386626758851E-4      0.001207736318861327     0.005608                 778.5365066621432
7.401248603836007E-4      0.0012512121316016114    0.005608                 869.9591527089965
7.722110580913163E-4      0.0012946879443418956    0.005608                 975.6994121032028
8.042972557990317E-4      0.00133816375708218      0.005608                 1078.9520374437502
8.363834535067474E-4      0.0013816395698224644    0.005608                 1179.7170287306387
8.68469651214463E-4       0.0014251153825627486    0.005608                 1272.0372490428053
6.664309301407081E-4      0.0012528557217557283    0.005608                 621.3669823780147
6.985171278484237E-4      0.0012963315344960125    0.005608                 715.6240462371557
7.306033255561393E-4      0.001339807347236297     0.005608                 824.1158340026841
7.626895232638548E-4      0.0013832831599765814    0.005608                 930.119987714554
7.947757209715704E-4      0.0014267589727168656    0.005608                 1037.5815210557407
6.248231976055312E-4      0.0012979751246501295    0.005608                 462.2669824102884
6.569093953132467E-4      0.0013414509373904139    0.005608                 558.3359569418874
6.889955930209622E-4      0.0013849267501306983    0.005608                 669.5792730787387
7.210817907286778E-4      0.0014284025628709825    0.005608                 792.1774759935437
5.832154650703541E-4      0.0013430945275445308    0.005608                 301.23650675896425
6.153016627780696E-4      0.0013865703402848152    0.005608                 398.0948848231926
6.473878604857852E-4      0.0014300461530250995    0.005608                 535.8251138562136
5.41607732535177E-4       0.001388213930438932     0.005608                 138.27555542404227
5.736939302428926E-4      0.0014316897431792164    0.005608                 268.5244346437512
5.0E-4                    0.0014333333333333333    0.005608                 -4.862280821922102
0.001078357511700248      0.0014801615355878482    0.005608                 1857.6135906023865
0.0010046635814573556     0.0014818051257419651    0.005608                 1654.5382986609313
0.0010671635814573557     0.0015401384590752985    0.005608                 1829.477377215544
9.93469651214463E-4       0.0015417820492294153    0.005608                 1626.491426125366
0.001055969651214463      0.0016001153825627487    0.005608                 1800.9699739948928
9.822757209715703E-4      0.0016017589727168656    0.005608                 1598.187767689492
0.0010447757209715704     0.001660092306050199     0.005608                 1772.091380940432
9.710817907286778E-4      0.001661735896204316     0.005608                 1569.6273233533088
0.0010335817907286778     0.0017200692295376494    0.005608                 1742.8415980521618
9.598878604857853E-4      0.0017217128196917663    0.005608                 1540.8100931168174
0.001022387860485785      0.0017800461530250995    0.005608                 1713.2206253300828
9.486939302428927E-4      0.0017816897431792164    0.005608                 1511.7360769800175
0.0010111939302428926     0.0018400230765125499    0.005608                 1683.2284627741944
9.375E-4                  0.0018416666666666668    0.005608                 1502.1958169077739
0.001                     0.0019000000000000002    0.005608                 1673.934815533701
9.30969651214463E-4       0.001483448715896082     0.005608                 1450.2135182293725
9.197757209715704E-4      0.0015434256393835324    0.005608                 1420.489521584204
9.085817907286778E-4      0.0016034025628709825    0.005608                 1390.5087390387266
8.973878604857852E-4      0.001663379486358433     0.005608                 1360.271170592941
8.861939302428926E-4      0.0017233564098458832    0.005608                 1329.7768162468465
8.75E-4                   0.0017833333333333334    0.005608                 1310.5447394897285
8.572757209715704E-4      0.001485092306050199     0.005608                 1234.9357772672793
8.460817907286777E-4      0.0015450692295376491    0.005608                 1203.5346565125074
8.348878604857851E-4      0.0016050461530250995    0.005608                 1171.876749857427
8.236939302428926E-4      0.0016650230765125498    0.005608                 1139.9620573020381
8.125000000000001E-4      0.0017250000000000002    0.005608                 1112.0485684987866
7.835817907286778E-4      0.001486735896204316     0.005608                 1008.7050757746505
7.723878604857852E-4      0.0015467128196917663    0.005608                 975.6268309102759
7.611939302428926E-4      0.0016066897431792164    0.005608                 942.2918001455923
7.5E-4                    0.0016666666666666668    0.005608                 906.7073039349486
7.098878604857852E-4      0.0014883794863584329    0.005608                 771.5214137514872
6.986939302428926E-4      0.0015483564098458832    0.005608                 736.7660447775095
6.875E-4                  0.0016083333333333334    0.005608                 694.5209457982144
6.361939302428927E-4      0.0014900230765125498    0.005608                 523.384791197789
6.25E-4                   0.0015500000000000002    0.005608                 475.48949408858346
5.625000000000001E-4      0.0014916666666666667    0.005608                 249.61294880605658
4.999999999999999E-4      9.666666666666667E-4     0.005607999999999999     -3.8154263245336413
5.41607732535177E-4       9.798805971055987E-4     0.005607999999999999     151.44300361684128
4.999999999999999E-4      0.0010249999999999999    0.005607999999999999     3.0048545454491434E-15
5.41607732535177E-4       0.0010382139304389321    0.005608                 161.87150830250857
5.83215465070354E-4       9.930945275445308E-4     0.005608                 307.2074710260086
5.83215465070354E-4       0.0010514278608778642    0.005608                 322.5059745938017
6.24823197605531E-4       0.0010063084579834628    0.005607999999999999     461.5702627407014
6.248231976055312E-4      0.0010646417913167962    0.005608                 481.9033988738794
6.664309301407081E-4      0.0010195223884223949    0.005608                 614.5313787609197
6.664309301407081E-4      0.001077855721755728     0.005608                 640.0637811427418
7.080386626758851E-4      0.001032736318861327     0.005608                 766.0908190866635
7.080386626758851E-4      0.0010910696521946603    0.005608                 796.9871214003886
7.496463952110622E-4      0.001045950249300259     0.005607999999999999     916.248583717933
7.496463952110621E-4      0.0011042835826335922    0.005608                 952.6734196468199
7.912541277462392E-4      0.001059164179739191     0.005608                 1065.004672654728
4.999999999999999E-4      0.0010833333333333333    0.005608                 6.372513935129668E-16
5.41607732535177E-4       0.0010965472637722655    0.005608                 161.70697156878524
5.83215465070354E-4       0.0011097611942111974    0.005608                 322.176901126355
6.24823197605531E-4       0.0011229751246501294    0.005608                 481.4097886727094
6.664309301407081E-4      0.0011361890550890615    0.005608                 639.4056342078482
7.080386626758851E-4      0.0011494029855279937    0.005608                 796.1644377317717
5.0E-4                    0.0011416666666666667    0.005607999999999999     -1.837538015211936E-15
5.41607732535177E-4       0.0011548805971055987    0.005607999999999999     161.54243483506184
5.83215465070354E-4       0.0011680945275445308    0.005608                 321.8478276589083
6.248231976055312E-4      0.0011813084579834628    0.005607999999999999     480.9161784715392
6.664309301407081E-4      0.0011945223884223949    0.005608                 638.7474872729547
5.0E-4                    0.0012000000000000001    0.005608                 -4.419513680725625E-15
5.41607732535177E-4       0.001213213930438932     0.005608                 161.37789810133845
5.832154650703541E-4      0.0012264278608778642    0.005608                 321.5187541914614
6.248231976055312E-4      0.001239641791316796     0.005608                 480.4225682703691
5.0E-4                    0.0012583333333333333    0.005608                 -7.108675603028048E-15
5.41607732535177E-4       0.0012715472637722654    0.005608                 161.21336136761502
5.832154650703541E-4      0.0012847611942111974    0.005608                 321.1896807240147
5.0E-4                    0.0013166666666666667    0.005607999999999999     -9.905023782119198E-15
5.41607732535177E-4       0.0013298805971055988    0.005608                 161.04882463389168
5.0E-4                    0.001375                 0.005608                 -1.2808558217999121E-14
7.887034264521477E-4      0.0010247127438667066    0.005608                 1017.2653375394883
7.470956939169707E-4      0.0010114988134277746    0.005608                 874.2270851263715
7.054879613817937E-4      9.982848829888425E-4     0.005608                 729.6225233355215
6.638802288466167E-4      9.850709525499105E-4     0.005608                 583.4516521669377
6.222724963114395E-4      9.718570221109785E-4     0.005608                 435.71447162062043
5.806647637762626E-4      9.586430916720464E-4     0.005608                 286.4109816965695
5.390570312410855E-4      9.454291612331143E-4     0.005607999999999999     140.12682070356033
7.861527251580562E-4      9.902613079942222E-4     0.005608                 1012.784500425714
7.445449926228793E-4      9.770473775552902E-4     0.005608                 869.606380504131
7.029372600877022E-4      9.638334471163581E-4     0.005608                 724.8619512048145
6.613295275525251E-4      9.506195166774261E-4     0.005608                 578.5512125277644
6.197217950173481E-4      9.37405586238494E-4      0.005608                 430.67416447298103
5.78114062482171E-4       9.24191655799562E-4      0.005608                 284.87919420340097
7.836020238639648E-4      9.558098721217378E-4     0.005608                 1008.2924009500331
7.419942913287879E-4      9.425959416828058E-4     0.005607999999999999     864.9744135199838
7.003865587936107E-4      9.293820112438738E-4     0.005608                 720.090116712201
6.587788262584337E-4      9.161680808049417E-4     0.005607999999999999     573.6395105266847
6.171710937232567E-4      9.029541503660097E-4     0.005607999999999999     428.53398101272154
7.810513225698734E-4      9.213584362492535E-4     0.005608                 1003.7890391124455
7.394435900346963E-4      9.081445058103214E-4     0.005608                 860.3311841739301
6.978358574995193E-4      8.949305753713894E-4     0.005608                 715.3070198576809
6.562281249643423E-4      8.817166449324573E-4     0.005608                 571.0911811315219
7.78500621275782E-4       8.869070003767691E-4     0.005608                 999.2744149129516
7.368928887406049E-4      8.73693069937837E-4      0.005608                 855.6766924659695
6.952851562054278E-4      8.60479139498905E-4      0.005608                 712.5507945598023
7.759499199816904E-4      8.524555645042847E-4     0.005608                 994.7485283515507
7.343421874465134E-4      8.392416340653526E-4     0.005607999999999999     852.9128212975623
7.733992186875989E-4      8.180041286318003E-4     0.005608                 992.1772613448024
5.0E-4                    0.0019                   0.005608                 0
5.0E-4                    0.0018416666666666666    0.005608                 0
5.625000000000001E-4      0.0019                   0.005608                 237.3305972501176
5.625000000000001E-4      0.0018416666666666668    0.005608                 236.98775328560893
5.0E-4                    0.0017833333333333334    0.005608                 0
5.625000000000001E-4      0.0017833333333333334    0.005608                 236.64490932110033
5.0E-4                    0.001725                 0.005608                 0
5.625000000000001E-4      0.0017250000000000002    0.005608                 236.30206535659164
5.0E-4                    0.0016666666666666666    0.005608                 0
5.625000000000001E-4      0.0016666666666666668    0.005608                 235.95922139208298
5.0E-4                    0.0016083333333333334    0.005608                 0
5.625000000000001E-4      0.0016083333333333334    0.005608                 235.61637742757435
5.0E-4                    0.00155                  0.005608                 0
5.625000000000001E-4      0.0015500000000000002    0.005608                 235.2735334630657
5.0E-4                    0.0014916666666666667    0.005608                 0
6.25E-4                   0.0019000000000000002    0.005608                 468.1408176370627
6.25E-4                   0.0018416666666666668    0.005608                 467.4551297080454
6.25E-4                   0.0017833333333333334    0.005608                 466.76944177902806
6.25E-4                   0.001725                 0.005608                 466.08375385001074
6.25E-4                   0.0016666666666666666    0.005608                 465.3980659209935
6.25E-4                   0.0016083333333333336    0.005608                 464.71237799197615
6.875E-4                  0.0019                   0.005608                 692.4306611608351
6.875E-4                  0.0018416666666666668    0.005608                 691.4021292673092
6.875E-4                  0.0017833333333333334    0.005608                 690.3735973737835
6.875E-4                  0.001725                 0.005608                 689.3450654802573
6.875E-4                  0.0016666666666666666    0.005608                 688.3165335867313
7.5E-4                    0.0019000000000000002    0.005608                 910.2001278214352
7.5E-4                    0.0018416666666666668    0.005608                 908.8287519634006
7.5E-4                    0.0017833333333333334    0.005608                 907.457376105366
7.5E-4                    0.001725                 0.005608                 906.0860002473314
8.125000000000001E-4      0.0019000000000000002    0.005608                 1121.4492176188628
8.125000000000001E-4      0.0018416666666666668    0.005608                 1119.7349977963195
8.125000000000001E-4      0.0017833333333333334    0.005608                 1118.0207779737764
8.75E-4                   0.0019                   0.005608                 1326.1779305531177
8.75E-4                   0.0018416666666666668    0.005608                 1324.1208667660655
9.375E-4                  0.0019000000000000002    0.005608                 1524.3862666241998
0.002                     5.0E-4                   0.005608                 1679.3393818987472
0.0020625                 5.0E-4                   0.005608                 1481.211181474278
0.002017156487906786      5.581269128531723E-4     0.005608                 1626.9559981031548
0.002079656487906786      5.581269128531723E-4     0.005608                 1434.6569268332091
0.002125                  5.0E-4                   0.005608                 1284.1794228132198
0.002142156487906786      5.581269128531723E-4     0.005608                 1235.1236550792905
0.0021875                 5.0E-4                   0.005608                 1078.9301915304366
0.002204656487906786      5.581269128531723E-4     0.005608                 1027.3729107036465
0.0022500000000000003     5.0E-4                   0.005608                 865.463487625928
0.002267156487906786      5.581269128531723E-4     0.005608                 811.4046937062778
0.0023125000000000003     5.0E-4                   0.005608                 643.7793110996945
0.002329656487906786      5.581269128531723E-4     0.005608                 587.2190040871835
0.002375                  5.0E-4                   0.005608                 413.8776619517357
0.002392156487906786      5.581269128531723E-4     0.005608                 354.81584184636444
0.0024375000000000004     5.0E-4                   0.005608                 175.75854018205195
0.002454656487906786      5.581269128531723E-4     0.005608                 144.90262060306304
0.0025                    5.0E-4                   0.005608                 -35.289027104678496
0.0020343129758135722     6.162538257063446E-4     0.005608                 1580.1989874034268
0.0020968129758135723     6.162538257063446E-4     0.005608                 1387.3485282492861
0.0021593129758135723     6.162538257063446E-4     0.005608                 1185.313743402507
0.002221812975813572      6.162538257063446E-4     0.005608                 975.0614859340027
0.002284312975813572      6.162538257063446E-4     0.005608                 756.5917558437733
0.002346812975813572      6.162538257063446E-4     0.005608                 529.9045531318186
0.002409312975813572      6.162538257063446E-4     0.005608                 322.42748226328195
0.0020514694637203583     6.74380738559517E-4      0.005608                 1532.5783090456223
0.0021139694637203584     6.74380738559517E-4      0.005608                 1339.285985722509
0.002176469463720358      6.74380738559517E-4      0.005608                 1134.7496877828694
0.002238969463720358      6.74380738559517E-4      0.005608                 921.9959172215046
0.002301469463720358      6.74380738559517E-4      0.005608                 701.0246740384146
0.002363969463720358      6.74380738559517E-4      0.005608                 497.28555787597793
0.0020686259516271444     7.325076514126893E-4     0.005608                 1484.0939630297412
0.0021311259516271445     7.325076514126893E-4     0.005608                 1290.4692992528776
0.0021936259516271445     7.325076514126893E-4     0.005608                 1083.4314882203776
0.002256125951627144      7.325076514126893E-4     0.005608                 868.1762045661521
0.002318625951627144      7.325076514126893E-4     0.005608                 669.4768474411514
0.0020857824395339305     7.906345642658616E-4     0.005608                 1434.7459493557826
0.0021482824395339306     7.906345642658616E-4     0.005608                 1240.898468840392
0.00221078243953393       7.906345642658616E-4     0.005608                 1031.3591447150316
0.0022732824395339303     7.906345642658616E-4     0.005608                 839.0013509588019
0.002102938927440716      8.487614771190338E-4     0.005608                 1384.534268023748
0.0021654389274407162     8.487614771190338E-4     0.005608                 1190.5734944850524
0.0022279389274407163     8.487614771190338E-4     0.005608                 1005.8590684289301
0.0021200954153475023     9.068883899722062E-4     0.005608                 1333.4589190336355
0.0021825954153475023     9.068883899722062E-4     0.005608                 1170.0499998515352
0.0025                    9.083333333333333E-4     0.005608                 0
0.0024546564879067857     9.081269128531722E-4     0.005608                 176.7056198233813
0.002409312975813572      9.079204923730113E-4     0.005608                 351.6810627302169
0.002363969463720358      9.077140718928502E-4     0.005608                 524.9263287205071
0.002318625951627144      9.075076514126893E-4     0.005608                 696.4414177942515
0.0022732824395339303     9.073012309325282E-4     0.005608                 866.2263299514505
0.0022279389274407163     9.070948104523671E-4     0.005608                 1034.2810651921038
0.0025                    8.5E-4                   0.005608                 0
0.002454656487906786      8.49793579519839E-4      0.005608                 176.52302222320208
0.002409312975813572      8.49587159039678E-4      0.005608                 351.31586752985856
0.002363969463720358      8.493807385595169E-4     0.005608                 524.3785359199694
0.002318625951627144      8.491743180793559E-4     0.005608                 695.7110273935347
0.0022732824395339303     8.489678975991949E-4     0.005608                 865.3133419505543
0.0025                    7.916666666666666E-4     0.005608                 0
0.002454656487906786      7.914602461865055E-4     0.005608                 176.34042462302284
0.002409312975813572      7.912538257063447E-4     0.005608                 350.9506723295001
0.002363969463720358      7.910474052261836E-4     0.005608                 523.8307431194318
0.002318625951627144      7.908409847460225E-4     0.005608                 694.9806369928178
0.0025                    7.333333333333333E-4     0.005608                 0
0.002454656487906786      7.331269128531724E-4     0.005608                 176.1578270228436
0.002409312975813572      7.329204923730113E-4     0.005608                 350.58547712914157
0.002363969463720358      7.327140718928503E-4     0.005608                 523.2829503188941
0.0025                    6.75E-4                  0.005608                 0
0.002454656487906786      6.747935795198389E-4     0.005608                 175.9752294226644
0.002409312975813572      6.74587159039678E-4      0.005608                 350.2202819287831
0.0025                    6.166666666666666E-4     0.005608                 0
0.002454656487906786      6.164602461865056E-4     0.005608                 175.79263182248513
0.0025                    5.583333333333333E-4     0.005608                 0
0.0015                    0.0018999999999999998    0.005608                 2382.2783105168533
0.0015086518436101498     0.001837649416529337     0.005608                 2364.1671299397694
0.0015625                 0.0019                   0.005608                 2333.0073919849888
0.0015711518436101499     0.001837649416529337     0.005608                 2329.2658066406784
0.0015173036872202998     0.0017752988330586744    0.005608                 2360.8638729726354
0.0015798036872202996     0.0017752988330586742    0.005608                 2325.2170530181056
0.0015259555308304493     0.0017129482495880114    0.005608                 2357.2962567273757
0.0015884555308304494     0.0017129482495880117    0.005608                 2320.861131117267
0.001534607374440599      0.0016505976661173487    0.005608                 2353.4642812039906
0.0015971073744405994     0.0016505976661173487    0.005608                 2316.1980409381645
0.001543259218050749      0.001588247082646686     0.005608                 2349.367946402481
0.0016057592180507491     0.001588247082646686     0.005608                 2311.227782480798
0.0015519110616608986     0.0015258964991760233    0.005608                 2345.0072523228446
0.0016144110616608987     0.0015258964991760233    0.005608                 2305.9503557451667
0.0015605629052710486     0.0014635459157053606    0.005608                 2340.3821989650833
0.0016250000000000001     0.0018999999999999998    0.005608                 2288.3851975326197
0.00163365184361015       0.0018376494165293369    0.005608000000000001     2282.577880174482
0.0016423036872202997     0.0017752988330586744    0.005608                 2276.4633945380792
0.0016509555308304494     0.0017129482495880119    0.005608                 2270.041740623413
0.0016596073744405992     0.001650597666117349     0.005608                 2263.3129184304817
0.001668259218050749      0.001588247082646686     0.005608000000000001     2256.2769279592867
0.0016875000000000002     0.0018999999999999998    0.005608000000000001     2229.947212249155
0.00169615184361015       0.001837649416529337     0.005608000000000001     2222.0741628771893
0.0017048036872203        0.0017752988330586744    0.005608                 2213.8939452269587
0.0017134555308304495     0.0017129482495880117    0.005608                 2205.4065592984634
0.0017221073744405995     0.001650597666117349     0.005608000000000001     2196.6120050917043
0.0017500000000000003     0.0019                   0.005608000000000001     2157.6934361345957
0.00175865184361015       0.0018376494165293373    0.005608000000000001     2147.754654748802
0.0017673036872202998     0.0017752988330586744    0.005608000000000001     2137.5087050847424
0.0017759555308304495     0.0017129482495880119    0.005608000000000001     2126.955587142419
0.0018125000000000003     0.0019000000000000002    0.005608000000000001     2071.6238691889416
0.00182115184361015       0.0018376494165293373    0.005608000000000001     2059.619355789319
0.0018298036872202998     0.0017752988330586746    0.005608000000000001     2047.3076741114317
0.0018750000000000004     0.0019                   0.005608000000000002     1971.738511412192
0.0018836518436101501     0.0018376494165293373    0.005608000000000002     1957.6682659987412
0.0019375000000000004     0.0019000000000000002    0.005608000000000002     1858.0373628043483
0.0010625                 0.0019000000000000002    0.005608                 1794.136187595353
0.0010736939302428926     0.0018400230765125499    0.005608                 1824.2981104793441
0.0010848878604857851     0.0017800461530250995    0.005608                 1853.9744395960256
0.0010960817907286777     0.0017200692295376492    0.005608                 1883.1651749453972
0.0011072757209715704     0.0016600923060501988    0.005608                 1911.8703165274592
0.001118469651214463      0.0016001153825627485    0.005608                 1940.0898643422106
0.0011296635814573555     0.0015401384590752985    0.005608                 1967.8238183896524
0.001140857511700248      0.0014801615355878482    0.005608                 2035.2465020510585
0.0011250000000000001     0.0019                   0.005608                 1925.9693619239129
0.0011361939302428925     0.0018400230765125499    0.005608                 1953.4769667403143
0.0011473878604857852     0.0017800461530250995    0.005608                 1980.498977789406
0.001158581790728678      0.0017200692295376492    0.005608                 2007.0353950711878
0.0011697757209715703     0.001660092306050199     0.005608                 2033.0862185856595
0.001180969651214463      0.0016001153825627487    0.005608                 2058.651448332821
0.0011921635814573556     0.0015401384590752983    0.005608                 2114.2110330357773
0.0011875000000000002     0.0019000000000000002    0.005608                 2043.300368080936
0.0011986939302428927     0.0018400230765125499    0.005608                 2068.1536548297477
0.0012098878604857853     0.0017800461530250995    0.005608                 2092.5213478112496
0.0012210817907286778     0.0017200692295376492    0.005608                 2116.4034470254414
0.0012322757209715703     0.0016600923060501988    0.005608                 2139.7999524723236
0.001243469651214463      0.0016001153825627485    0.005608                 2183.8190092123077
0.00125                   0.0019                   0.005608                 2146.1292060664227
0.0012611939302428926     0.0018400230765125496    0.005608                 2168.328174747645
0.0012723878604857853     0.0017800461530250995    0.005608                 2190.0415496615565
0.0012835817907286778     0.0017200692295376492    0.005608                 2211.2693308081584
0.0012947757209715704     0.0016600923060501988    0.005608                 2244.070430580651
0.0013124999999999999     0.0018999999999999998    0.005608                 2234.4558758803732
0.0013236939302428926     0.0018400230765125494    0.005608                 2254.0005264940046
0.0013348878604857852     0.0017800461530250993    0.005608                 2273.0595833403268
0.0013460817907286777     0.001720069229537649     0.005608                 2294.965297140807
0.0013750000000000001     0.0018999999999999998    0.005608                 2308.280377522786
0.0013861939302428927     0.0018400230765125496    0.005608                 2325.170710068828
0.0013973878604857854     0.0017800461530250993    0.005608                 2336.503608892775
0.0014375                 0.0019                   0.005608                 2367.602710993663
0.0014486939302428927     0.0018400230765125496    0.005608                 2368.685365836556
0.0015006049919037913     0.001465919575688573     0.005608                 2334.3087835970455
0.0014919531482936418     0.0015282701591592357    0.005608                 2338.399863059337
0.001483301304683492      0.0015906207426298984    0.005608                 2342.2693922436415
0.001474649461073342      0.0016529713261005613    0.005608                 2345.9173711499598
0.0014659976174631923     0.0017153219095712238    0.005608                 2349.343799778291
0.0014573457738530425     0.0017776724930418867    0.005608                 2352.548678128637
0.0014406470785365342     0.0014682932356717853    0.005608                 2321.3926956722185
0.0014319952349263845     0.0015306438191424483    0.005608                 2323.8436108813457
0.0014233433913162347     0.0015929944026131112    0.005608                 2326.072975812486
0.001414691547706085      0.0016553449860837737    0.005608                 2328.0807904656403
0.0014060397040959348     0.0017176955695544364    0.005608                 2329.867054840808
0.001380689165169277      0.001470666895654998     0.005608                 2296.383845706341
0.0013720373215591272     0.0015330174791256608    0.005608                 2297.1945966623043
0.0013633854779489774     0.0015953680625963235    0.005608                 2297.783797340281
0.0013547336343388277     0.0016577186460669862    0.005608                 2298.1514477402707
0.0013207312518020197     0.0014730405556382105    0.005608                 2259.2822336994136
0.00131207940819187       0.0015353911391088734    0.005608                 2258.4528204022135
0.0013034275645817201     0.001597741722579536     0.005608                 2257.4018568270258
0.0012607733384347626     0.001475414215621423     0.005608                 2210.0878596514367
0.0012521214948246128     0.0015377647990920857    0.005608                 2207.6182821010716
0.0012008154250675053     0.0014777878756046356    0.005608                 2148.800723562409
0.00207785585493904       9.554426272156001E-4     0.005608                 1445.8219248531466
0.0020606993670322545     8.973157143624278E-4     0.005608                 1490.7431171525716
0.0020184598066237923     9.458699516058216E-4     0.005608                 1605.9229568563505
0.002001303318717006      8.877430387526494E-4     0.005608                 1649.3073442411865
0.0019590637583085445     9.362972759960433E-4     0.005608                 1753.9604625324978
0.0019419072704017582     8.78170363142871E-4      0.005608                 1796.7912654569004
0.0018996677099932962     9.267246003862649E-4     0.005608                 1889.9344418815886
0.0018825112220865103     8.685976875330926E-4     0.005608                 1933.1948807997155
0.0018402716616780482     9.171519247764865E-4     0.005608                 2013.8448949036224
0.001823115173771262      8.590250119233141E-4     0.005608                 2058.51819026963
0.0017808756133628001     9.07579249166708E-4      0.005608                 2125.6918215985997
0.0017637191254560142     8.494523363135357E-4     0.005608                 2172.761193866644
0.0017214795650475523     8.980065735569295E-4     0.005608                 2225.4752219665206
0.0017043230771407662     8.398796607037573E-4     0.005608                 2270.922027154544
0.0016620835167323043     8.884338979471512E-4     0.005608                 2293.417511052016
0.0020435428791254684     8.391888015092554E-4     0.005608                 1541.0313399965044
0.00198414683081022       8.29616125899477E-4      0.005608                 1696.3106971541613
0.0019247507824949723     8.200434502896985E-4     0.005608                 1840.5097484389185
0.0018653547341797242     8.104707746799202E-4     0.005608                 1973.6284938507756
0.0018059586858644762     8.008980990701418E-4     0.005608                 2095.6669333897325
0.0017465626375492282     7.913254234603634E-4     0.005608                 2204.1073408274374
0.0020263863912186823     7.810618886560832E-4     0.005608                 1590.3463714671375
0.001966990342903434      7.714892130463048E-4     0.005608                 1742.3408586938374
0.0019075942945881862     7.619165374365263E-4     0.005608                 1883.2550400476366
0.0018481982462729381     7.523438618267479E-4     0.005608                 2013.0889155285363
0.00178880219795769       7.427711862169695E-4     0.005608                 2131.6153743206414
0.002009229903311896      7.229349758029109E-4     0.005608                 1638.6882115644717
0.0019498338549966481     7.133623001931324E-4     0.005608                 1787.3978288602134
0.0018904378066814        7.03789624583354E-4      0.005608                 1925.0271402830554
0.0018310417583661523     6.942169489735756E-4     0.005608                 2053.446127634155
0.00199207341540511       6.648080629497385E-4     0.005608                 1686.056860288506
0.0019326773670898622     6.552353873399601E-4     0.005608                 1831.4816076532902
0.001873281318774614      6.456627117301817E-4     0.005608                 1969.5996007679796
0.001974916927498324      6.066811500965662E-4     0.005608                 1732.4523176392408
0.0019155208791830762     5.971084744867878E-4     0.005608                 1880.075793722115
0.001957760439591538      5.485542372433939E-4     0.005608                 1784.8747064965596
0.001650474920750916      9.525290772330944E-4     0.005608                 2266.9390735933703
0.0016027397430862348     8.92680978185966E-4      0.005608                 2296.8772066150004
0.0015911311471048465     9.567761574719094E-4     0.005608                 2292.9054680899617
0.0016388663247695278     0.0010166242565190378    0.005608                 2278.736420270175
0.0015795225511234584     0.0010208713367578527    0.005608                 2303.3797951338656
0.0016272577287881394     0.0010807194358049812    0.005608                 2290.1254145079283
0.0015679139551420702     0.0010849665160437962    0.005608                 2313.4284544264365
0.0016156491328067513     0.0011448146150909244    0.005608                 2301.10605630663
0.001556305359160682      0.0011490616953297394    0.005608                 2323.051445967674
0.001604040536825363      0.0012089097943768677    0.005608                 2311.67834566628
0.0015446967631792938     0.0012131568746156828    0.005608                 2332.248769757577
0.0015924319408439748     0.0012730049736628113    0.005608                 2321.8422825868784
0.0015330881671979054     0.0012772520539016262    0.005608                 2341.020425796148
0.0015808233448625867     0.0013371001529487545    0.005608                 2331.5978670684244
0.0015433959694401657     8.96928058424781E-4      0.005608                 2305.2686741692896
0.001531787373458777      9.610232377107242E-4     0.005608                 2307.4590696456003
0.001520178777477389      0.0010251184169966677    0.005608                 2315.704755958037
0.0015085701814960008     0.0010892135962826109    0.005608                 2323.524774519141
0.0014969615855146127     0.0011533087755685543    0.005608                 2330.919125328911
0.0014853529895332246     0.0012174039548544975    0.005608                 2337.887808387347
0.0014840521957940962     9.01175138663596E-4      0.005608                 2302.0892032479364
0.0014724435998127081     9.652703179495392E-4     0.005608                 2310.3508238839418
0.0014608350038313198     0.0010293654972354826    0.005608                 2316.3678694649116
0.0014492264078499316     0.0010934606765214258    0.005608                 2321.959247294548
0.0014376178118685433     0.0011575558558073692    0.005608                 2327.1249573728505
0.0014247084221480268     9.054222189024108E-4     0.005608                 2287.3387938509413
0.0014130998261666387     9.695173981883541E-4     0.005608                 2301.5807308049866
0.0014014912301852506     0.0010336125774742973    0.005608                 2305.3691356544887
0.0013898826342038622     0.0010977077567602407    0.005608                 2308.7318727526576
0.0013653646485019574     9.096692991412256E-4     0.005608                 2261.0174459783047
0.0013537560525205693     9.73764478427169E-4      0.005608                 2281.1487904087326
0.0013421474565391812     0.0010378596577131122    0.005608                 2282.7085545267682
0.0013060208748558882     9.139163793800406E-4     0.005608                 2223.1251596300262
0.0012944122788745        9.78011558665984E-4      0.005608                 2249.0550026951823
0.001246677101209819      9.181634596188554E-4     0.005608                 2173.6619348061063
0.0019012362366078108     0.0012086840128934578    0.005608                 1924.2892881781656
0.001855462966358493      0.0012270291757585001    0.005608                 2007.8522277146235
0.0018096896961091753     0.0012453743386235424    0.005608                 2076.750352783498
0.0017639164258598575     0.001263719501488585     0.005608                 2139.343940946354
0.0017181431556105397     0.0012820646643536273    0.005608                 2195.6329922031928
0.0016723698853612222     0.0013004098272186696    0.005608                 2245.617506554012
0.0016265966151119042     0.0013187549900837122    0.005608                 2289.297483998814
0.0018670715623398814     0.001162933996472557     0.005608                 1985.9775011561837
0.0018212982920905634     0.001181279159337599     0.005608                 2059.961869108126
0.0017755250218412458     0.0011996243222026416    0.005608                 2124.1258460171784
0.001729751751591928      0.001217969485067684     0.005608                 2181.9852860202136
0.0016839784813426103     0.0012363146479327262    0.005608                 2233.54018911723
0.0016382052110932926     0.0012546598107977688    0.005608                 2278.7905553082282
0.0018329068880719515     0.0011171839800516558    0.005608                 2043.6262627172841
0.001787133617822634      0.0011355291429166981    0.005608                 2108.5167139612336
0.0017413603475733164     0.0011538743057817407    0.005608                 2167.946542710464
0.0016955870773239985     0.001172219468646783     0.005608                 2221.071834553678
0.001649813807074681      0.0011905646315118253    0.005608                 2267.892589490873
0.001798742213804022      0.001071433963630755     0.005608                 2097.2355728614666
0.0017529689435547046     0.0010897791264957973    0.005608                 2153.5167622739464
0.0017071956733053866     0.0011081242893608398    0.005608                 2208.212442863356
0.001661422403056069      0.0011264694522258821    0.005608                 2256.6035865467475
0.0017645775395360927     0.001025683947209854     0.005608                 2146.805431588731
0.001718804269286775      0.0010440291100748964    0.005608                 2194.962014046264
0.0016730309990374572     0.001062374272939939     0.005608                 2244.9235464758526
0.0017304128652681633     9.79933930788953E-4      0.005608                 2192.3358388990773
0.0016846395950188453     9.982790936539955E-4     0.005608                 2232.852469278187
0.0016962481910002337     9.341839143680521E-4     0.005608                 2233.826794792506
0.0019264676106551294     0.0011725066720823353    0.005608                 1856.2798710137263
0.0018923029363871998     0.0011267566556614345    0.005608                 1925.9732827406697
0.0018581382621192701     0.0010810066392405334    0.005608                 1991.1425881741716
0.0018239735878513407     0.0010352566228196325    0.005608                 2051.7877873142324
0.0017898089135834113     9.895066063987316E-4     0.005608                 2107.9088801608523
0.0017556442393154817     9.437565899778305E-4     0.005608                 2159.505866714031
0.0019516989847024476     0.0011363293312712127    0.005608                 1794.4296415715414
0.0019175343104345182     0.0010905793148503118    0.005608                 1867.2838286227154
0.0018833696361665888     0.0010448292984294107    0.005608                 1935.6139093804481
0.0018492049618986594     9.990792820085098E-4     0.005608                 1999.41988384474
0.0018150402876307295     9.53329265587609E-4      0.005608                 2058.7017520155905
0.001976930358749766      0.0011001519904600902    0.005608                 1730.3783222900458
0.0019427656844818368     0.001054401974039189     0.005608                 1806.3932846654504
0.0019086010102139072     0.0010086519576182882    0.005608                 1877.884140747414
0.0018744363359459778     9.629019411973873E-4     0.005608                 1944.850890535936
0.002002161732797085      0.0010639746496489677    0.005608                 1664.1259131692389
0.0019679970585291555     0.0010182246332280666    0.005608                 1743.3016508688743
0.0019338323842612258     9.724746168071658E-4     0.005608                 1817.9532822750687
0.0020273931068444033     0.001027797308837845     0.005608                 1595.6724142091216
0.001993228432576474      9.820472924169442E-4     0.005608                 1678.0089272329874
0.0020526244808917217     9.916199680267226E-4     0.005608                 1525.0178254096934
0.0010625000000000003     5.0E-4                   0.005607999999999999     1814.751333204019
0.0010859166659454688     5.528013174822088E-4     0.005608                 1869.070889639578
0.0011250000000000001     5.0E-4                   0.005608                 1947.1684870762947
0.0011484166659454687     5.528013174822087E-4     0.005608                 1996.0319754830448
0.0011875000000000002     5.0E-4                   0.005607999999999999     2064.387408068441
0.0012109166659454687     5.528013174822087E-4     0.005608                 2107.794828446381
0.00125                   5.0E-4                   0.005608                 2166.4080961804575
0.0012734166659454688     5.528013174822087E-4     0.005608                 2204.3594485295885
0.0013124999999999999     5.0E-4                   0.005608                 2253.230551412345
0.0013359166659454686     5.528013174822087E-4     0.005608                 2285.7258357326664
0.001375                  4.999999999999999E-4     0.005607999999999999     2324.854773764102
0.0013984166659454687     5.528013174822087E-4     0.005608                 2351.8939900556147
0.0014375                 4.999999999999999E-4     0.005608                 2381.28076323573
0.0014609166659454685     5.528013174822087E-4     0.005608                 2383.509981007006
0.0014999999999999998     4.999999999999999E-4     0.005608                 2391.2059284412976
0.0011093333318909376     6.056026349644176E-4     0.005608                 1921.4354860559588
0.0011718333318909376     6.056026349644176E-4     0.005608                 2042.9405038706166
0.0012343333318909375     6.056026349644175E-4     0.005608                 2149.247288805144
0.0012968333318909373     6.056026349644175E-4     0.005608                 2240.355840859542
0.0013593333318909374     6.056026349644175E-4     0.005608                 2316.2661600338115
0.0014218333318909374     6.056026349644174E-4     0.005608                 2357.180188495532
0.0011327499978364061     6.584039524466265E-4     0.005607999999999999     1971.8451224531627
0.0011952499978364062     6.584039524466263E-4     0.005608                 2087.8940722390103
0.0012577499978364062     6.584039524466263E-4     0.005607999999999999     2188.7447891447296
0.001320249997836406      6.584039524466263E-4     0.005608                 2274.397273170318
0.001382749997836406      6.584039524466263E-4     0.005608                 2325.2044998447263
0.0011561666637818749     7.112052699288352E-4     0.005608                 2020.2997988311886
0.0012186666637818747     7.112052699288352E-4     0.005608                 2130.8926805882274
0.0012811666637818748     7.11205269928835E-4      0.005608                 2226.2873294651363
0.0013436666637818748     7.11205269928835E-4      0.005608                 2287.5829150545896
0.0011795833297273436     7.640065874110439E-4     0.005608                 2066.799515190037
0.0012420833297273435     7.640065874110439E-4     0.005608                 2171.9363289182666
0.0013045833297273433     7.640065874110439E-4     0.005608                 2244.3154341251216
0.0012029999956728122     8.168079048932528E-4     0.005608                 2111.344271529708
0.0012654999956728122     8.168079048932528E-4     0.005608                 2195.4020570563207
0.001226416661618281      8.696092223754615E-4     0.005608                 2140.8427838481884
0.0015624999999999999     4.999999999999999E-4     0.005608                 2328.9958486198148
0.001520260439591538      5.485542372433938E-4     0.005608                 2372.760335098201
0.001582760439591538      5.485542372433938E-4     0.005608                 2324.8408613859624
0.001625                  4.999999999999999E-4     0.005608                 2279.0817698314354
0.001645260439591538      5.485542372433939E-4     0.005608                 2270.2129314908675
0.0016874999999999998     5.0E-4                   0.005608                 2215.4877942004587
0.001707760439591538      5.485542372433939E-4     0.005608                 2201.9051047531757
0.0017499999999999998     5.0E-4                   0.005608                 2138.2139217268864
0.0017702604395915381     5.485542372433939E-4     0.005608                 2119.9173811728874
0.0018124999999999999     5.0E-4                   0.005608                 2047.260152410717
0.001832760439591538      5.485542372433939E-4     0.005608                 2024.2497607500027
0.001875                  5.0E-4                   0.005608                 1942.6264862519515
0.001895260439591538      5.485542372433939E-4     0.005608                 1914.9022434845213
0.0019375                 5.0E-4                   0.005608                 1824.3129232505898
0.001540520879183076      5.971084744867877E-4     0.005608                 2368.5061735596364
0.0016030208791830759     5.971084744867878E-4     0.005608                 2319.0672658061812
0.001665520879183076      5.971084744867878E-4     0.005608                 2259.725484804371
0.001728020879183076      5.971084744867878E-4     0.005608                 2186.7038069599625
0.001790520879183076      5.971084744867878E-4     0.005608                 2100.002232272959
0.001853020879183076      5.971084744867878E-4     0.005608                 1999.620760743358
0.001560781318774614      6.456627117301817E-4     0.005608                 2362.7921481326384
0.0016232813187746142     6.456627117301817E-4     0.005608                 2311.67506188047
0.0016857813187746143     6.456627117301817E-4     0.005608                 2247.6194297719426
0.0017482813187746139     6.456627117301817E-4     0.005608                 2169.8839008208206
0.001810781318774614      6.456627117301817E-4     0.005608                 2078.468475027101
0.001581041758366152      6.942169489735756E-4     0.005608                 2355.618258817208
0.001643541758366152      6.942169489735756E-4     0.005608                 2302.6642496088293
0.0017060417583661521     6.942169489735756E-4     0.005608                 2233.894766393587
0.0017685417583661522     6.942169489735756E-4     0.005608                 2151.445386335748
0.00160130219795769       7.427711862169695E-4     0.005608                 2346.984505613343
0.00166380219795769       7.427711862169695E-4     0.005608                 2292.034828991259
0.00172630219795769       7.427711862169695E-4     0.005608                 2218.551494669301
0.001621562637549228      7.913254234603634E-4     0.005608                 2336.8908885210453
0.001684062637549228      7.913254234603634E-4     0.005608                 2279.7868000277595
0.0016418230771407662     8.398796607037572E-4     0.005608                 2325.3374075403144
0.0015824793034946967     8.441267409425721E-4     0.005608                 2323.139028310989
0.0015231355298486275     8.48373821181387E-4      0.005608                 2319.2745143184857
0.0014637917562025581     8.526209014202019E-4     0.005608                 2303.9299706919955
0.0014044479825564887     8.568679816590169E-4     0.005608                 2277.1053974315205
0.0013451042089104195     8.611150618978317E-4     0.005608                 2238.800794537058
0.0012857604352643501     8.653621421366467E-4     0.005608                 2189.016162008611
0.0015622188639031586     7.955725036991783E-4     0.005608                 2333.2279972557626
0.0015028750902570894     7.998195839379931E-4     0.005608                 2325.498276449285
0.00144353131661102       8.04066664176808E-4      0.005608                 2306.2885260088215
0.0013841875429649508     8.08313744415623E-4      0.005608                 2275.5987459343714
0.0013248437693188814     8.125608246544379E-4     0.005608                 2233.4289362259356
0.001541958424311621      7.470182664557843E-4     0.005608                 2342.0158467695996
0.0014826146506655515     7.512653466945992E-4     0.005608                 2330.4209191491477
0.0014232708770194821     7.555124269334141E-4     0.005608                 2307.3459618947095
0.0013639271033734127     7.59759507172229E-4      0.005608                 2272.7909750062854
0.0015216979847200826     6.984640292123905E-4     0.005608                 2349.5025768524993
0.0014623542110740132     7.027111094512053E-4     0.005608                 2334.0424424180733
0.001403010437427944      7.069581896900202E-4     0.005608                 2307.1022783496614
0.0015014375451285447     6.499097919689965E-4     0.005608                 2355.688187504463
0.0014420937714824753     6.541568722078114E-4     0.005608                 2336.3628462560623
0.0014811771055370066     6.013555547256026E-4     0.005608                 2360.572678725489
7.73399218687599E-4       7.596707952984669E-4     0.005608                 984.6356100183891
7.343421874465134E-4      7.809083007320192E-4     0.005608                 854.9421043157961
6.952851562054278E-4      8.021458061655718E-4     0.005608                 714.6950952423285
6.562281249643423E-4      8.233833115991239E-4     0.005608                 573.550749510528
6.171710937232567E-4      8.446208170326762E-4     0.005608                 431.5090671203951
5.781140624821711E-4      8.658583224662288E-4     0.005608                 288.57004807192936
5.390570312410855E-4      8.870958278997809E-4     0.005608                 144.73369236513105
4.999999999999999E-4      9.083333333333333E-4     0.005607999999999999     -3.2752978469404572E-15
7.343421874465134E-4      7.225749673986859E-4     0.005608                 847.448955401547
6.952851562054278E-4      7.438124728322384E-4     0.005608                 714.8012620063068
6.562281249643423E-4      7.650499782657906E-4     0.005608                 573.6356829217109
6.171710937232566E-4      7.862874836993429E-4     0.005608                 431.5727671787821
5.781140624821711E-4      8.075249891328953E-4     0.005608                 288.6125147775208
5.390570312410856E-4      8.287624945664477E-4     0.005608                 144.7549257179267
4.999999999999999E-4      8.5E-4                   0.005608                 -3.5611520593541126E-15
6.952851562054278E-4      6.85479139498905E-4      0.005608                 708.5678549482932
6.562281249643423E-4      7.067166449324573E-4     0.005608                 573.7206163328934
6.171710937232567E-4      7.279541503660096E-4     0.005607999999999999     431.63646723716914
5.781140624821711E-4      7.49191655799562E-4      0.005608                 288.65498148311207
5.390570312410856E-4      7.704291612331143E-4     0.005607999999999999     144.77615907072237
5.0E-4                    7.916666666666666E-4     0.005607999999999999     -3.832270610544492E-15
6.562281249643423E-4      6.48383311599124E-4      0.005608                 567.9923086586276
6.171710937232567E-4      6.696208170326763E-4     0.005608                 431.7001672955561
5.781140624821711E-4      6.908583224662287E-4     0.005608                 288.69744818870345
5.390570312410856E-4      7.12095827899781E-4      0.005608                 144.7973924235181
5.0E-4                    7.333333333333333E-4     0.005608                 -4.088653500511571E-15
6.171710937232567E-4      6.11287483699343E-4      0.005608                 425.72231653255017
5.781140624821711E-4      6.325249891328954E-4     0.005608                 288.73991489429477
5.390570312410856E-4      6.537624945664477E-4     0.005608                 144.81862577631375
5.0E-4                    6.75E-4                  0.005608                 -4.330300729255353E-15
5.781140624821711E-4      5.741916557995619E-4     0.005608                 281.75787857006105
5.390570312410856E-4      5.954291612331143E-4     0.005608                 144.8398591291094
5.0E-4                    6.166666666666666E-4     0.005607999999999999     -4.5572122967758515E-15
5.390570312410856E-4      5.37095827899781E-4      0.005608                 136.09899477116
5.0E-4                    5.583333333333333E-4     0.005608                 -4.7693882030730545E-15
5.0E-4                    5.0E-4                   0.005608                 -11.254334864152783
7.968421874465134E-4      7.22574967398686E-4      0.005608                 1050.4287586344046
7.577851562054279E-4      6.85479139498905E-4      0.005608                 917.0690125933145
7.187281249643422E-4      6.483833115991241E-4     0.005608                 781.2601782433246
6.796710937232567E-4      6.11287483699343E-4      0.005608                 643.0022555844353
6.406140624821711E-4      5.741916557995619E-4     0.005608                 502.2952446166465
6.015570312410856E-4      5.370958278997811E-4     0.005608                 359.1391453399579
5.625000000000001E-4      5.0E-4                   0.005608                 213.53395775436994
8.20285156205428E-4       6.854791394989051E-4     0.005608                 1124.6100526001997
7.812281249643424E-4      6.48383311599124E-4      0.005607999999999999     993.0415974533428
7.421710937232568E-4      6.11287483699343E-4      0.005607999999999999     859.0240539975858
7.031140624821713E-4      5.741916557995619E-4     0.005607999999999999     722.5574222329294
6.640570312410857E-4      5.37095827899781E-4      0.005608                 583.6417021593734
6.250000000000001E-4      5.0E-4                   0.005607999999999999     442.276893776918
8.437281249643424E-4      6.48383311599124E-4      0.005608                 1197.523325203233
8.046710937232569E-4      6.11287483699343E-4      0.005608                 1067.746160950609
7.656140624821713E-4      5.741916557995619E-4     0.005608                 935.5199083890848
7.265570312410857E-4      5.370958278997811E-4     0.005608                 800.8445675186613
6.875000000000002E-4      5.0E-4                   0.005608                 663.7201383393382
8.671710937232568E-4      6.11287483699343E-4      0.005608                 1269.168576443504
8.281140624821713E-4      5.741916557995619E-4     0.005608                 1141.1827030851127
7.890570312410857E-4      5.37095827899781E-4      0.005608                 1010.7477414178217
7.500000000000001E-4      5.0E-4                   0.005608                 877.8636914416309
8.906140624821712E-4      5.741916557995619E-4     0.005607999999999999     1339.545806321013
8.515570312410856E-4      5.37095827899781E-4      0.005607999999999999     1213.3512238568544
8.125000000000001E-4      5.0E-4                   0.005607999999999999     1084.7075530837965
9.140570312410858E-4      5.37095827899781E-4      0.005608                 1408.6550148357596
8.750000000000002E-4      5.0E-4                   0.005608                 1284.2517232658342
9.375000000000002E-4      5.0E-4                   0.005607999999999999     1476.496201987744
