% Model:              stripline_filter_simple_decomp_new_mesh.mph
% Version:            COMSOL 6.1.0.252
% Date:               May 4 2023, 12:45
% Dimension:          3
% Nodes:              953
% Expressions:        1
% Description:        Surface
% X                       Y                        Z                        real(emw.Ez)
0.0025                    0.0019                   0.005608                 -316.88097221058
0.0024375000000000004     0.0019                   0.005608                 -265.50037062662597
0.0025                    0.0018416666666666666    0.005608                 -220.68751637728977
0.0024375                 0.0018416666666666668    0.005608                 -192.14151684835554
0.002375                  0.0019000000000000002    0.005608                 -214.72145081704386
0.002375                  0.0018416666666666666    0.005608000000000001     -164.19719909379333
0.0023125000000000003     0.0019                   0.005608000000000001     -164.54421278183375
0.0023125                 0.0018416666666666666    0.005608000000000001     -136.8545631136031
0.0022500000000000003     0.0019000000000000002    0.005608000000000001     -114.96865652099582
0.0022500000000000003     0.0018416666666666668    0.005608000000000001     -110.1136089077851
0.0021875                 0.0019000000000000002    0.005608000000000001     -65.99478203452989
0.0021875                 0.0018416666666666668    0.005608000000000002     -83.97433647633893
0.0021250000000000006     0.0019                   0.005608000000000002     -17.62258932243597
0.0021250000000000006     0.0018416666666666668    0.005608000000000002     -58.43674581926502
0.0020625000000000005     0.0019000000000000002    0.005608000000000002     30.14792161528573
0.0020625000000000005     0.0018416666666666668    0.005608000000000002     -79.40332976803766
0.0020000000000000005     0.0019000000000000002    0.005608000000000002     -6.294728686819887
0.0025                    0.0017833333333333334    0.005608                 -123.89721873370522
0.0024375                 0.0017833333333333334    0.005608000000000001     -118.18582125979063
0.0023750000000000004     0.0017833333333333334    0.005608000000000001     -113.07610556024815
0.0023125000000000003     0.0017833333333333334    0.005608000000000001     -108.56807163507806
0.0022500000000000003     0.0017833333333333334    0.005608000000000002     -104.6617194842798
0.0021875                 0.0017833333333333336    0.005608000000000002     -101.35704910785347
0.0021250000000000006     0.0017833333333333334    0.005608000000000002     -150.07014310722096
0.0025                    0.001725                 0.005608                 -26.510079279825902
0.0024375                 0.001725                 0.005608                 -43.63328386093127
0.002375                  0.0017250000000000004    0.005608                 -61.35817021640871
0.0023125000000000003     0.001725                 0.005608000000000001     -79.68473834625827
0.0022500000000000003     0.0017250000000000004    0.005608000000000002     -98.61298825047976
0.0021875                 0.0017250000000000004    0.005608000000000002     -177.41095961398813
0.0025                    0.0016666666666666668    0.005608                 71.47390198434803
0.0024375                 0.001666666666666667     0.005608                 31.51609534822235
0.0023750000000000004     0.001666666666666667     0.005608000000000001     -9.043393062274788
0.0023125000000000003     0.0016666666666666668    0.005608000000000002     -50.20456324714419
0.0022500000000000003     0.001666666666666667     0.005608000000000002     -161.42577928833924
0.0025                    0.0016083333333333336    0.005608                 170.0547250588159
0.0024375000000000004     0.0016083333333333336    0.005608000000000001     107.26231636767083
0.0023750000000000004     0.0016083333333333336    0.005608000000000002     43.86822590215357
0.0023125000000000003     0.0016083333333333336    0.005608000000000002     -102.11460213027485
0.0025                    0.0015500000000000002    0.005608                 269.2323899435784
0.0024375                 0.0015500000000000002    0.005608000000000001     183.60537919741358
0.002375                  0.0015500000000000002    0.005608000000000001     0.522571860205943
0.0025                    0.001491666666666667     0.005608000000000001     369.00689663863545
0.0024375000000000004     0.001491666666666667     0.005608000000000001     146.48574268310284
0.0025                    0.0014333333333333336    0.005608000000000001     11.903112136198217
0.0019354009108757402     0.0012544340293143587    0.005608                 -24.658910990665014
0.0020059757970162725     0.0012767964423167305    0.005608                 74.77357733366593
0.0019434757970162727     0.001335129775650064     0.005608                 -21.55297023770602
0.0020140506831568053     0.0013574921886524358    0.005608                 31.375975545557907
0.0020765506831568054     0.0012991588553191023    0.005608                 109.17547165623009
0.0020846255692973377     0.0013798546016548076    0.005608000000000001     72.746486576433
0.0021471255692973373     0.0013215212683214744    0.005608                 124.20650469900704
0.00215520045543787       0.0014022170146571796    0.005608                 97.63880826050479
0.00221770045543787       0.001343883681323846     0.005608                 119.86667646199709
0.002225775341578403      0.0014245794276595513    0.005608                 106.05294059777253
0.002288275341578403      0.001366246094326218     0.005608                 96.15598694519986
0.0022963502277189352     0.0014469418406619233    0.005608000000000001     97.98888358823682
0.002358850227718935      0.0013886085073285899    0.005608                 53.074436148615376
0.0023669251138594676     0.0014693042536642951    0.005608000000000001     73.44663723189777
0.0024294251138594677     0.0014109709203309617    0.005608000000000001     -9.377975927756196
0.0019515506831568052     0.0014158255219857692    0.005608                 -6.412300267976107
0.0020221255692973376     0.0014381879349881408    0.005608000000000001     18.803295549510622
0.00209270045543787       0.0014605503479905128    0.005608000000000001     28.73270654192292
0.002163275341578403      0.0014829127609928849    0.005608                 22.183928187531222
0.002233850227718935      0.0015052751739952565    0.005608000000000001     -0.8430395136636548
0.0023044251138594676     0.0015276375869976285    0.005608000000000001     -40.34819656166235
0.001959625569297338      0.0014965212683214742    0.005608000000000001     3.272431068371027
0.0020302004554378704     0.001518883681323846     0.005608000000000001     0.8142343422105647
0.0021007753415784028     0.0015412460943262179    0.005608000000000001     -20.697454703839753
0.002171350227718935      0.00156360850732859      0.005608000000000001     -58.687333096693976
0.0022419251138594675     0.0015859709203309615    0.005608000000000001     -113.15540083635221
0.0019677004554378703     0.0015772170146571794    0.005608000000000001     7.501223771334388
0.0020382753415784027     0.0015995794276595513    0.005608000000000001     -22.59120807634099
0.0021088502277189355     0.0016219418406619231    0.005608000000000001     -75.54399716085476
0.0021794251138594675     0.001644304253664295     0.005608000000000001     -144.9749755921723
0.0019757753415784026     0.0016579127609928847    0.005608000000000001     6.274077840913215
0.0020463502277189355     0.0016802751739952565    0.005608000000000002     -51.41303170614569
0.002116925113859468      0.0017026375869976284    0.005608000000000002     -135.8069208291223
0.0019838502277189354     0.0017386085073285897    0.005608000000000002     -0.40900672289141937
0.002054425113859468      0.0017609709203309616    0.005608000000000002     -85.65123654720281
0.001991925113859468      0.001819304253664295     0.005608000000000002     -12.54802992008016
0.0025                    9.666666666666667E-4     0.005608                 47.62060726870418
0.0025                    0.001025                 0.005608                 53.372103702577675
0.002454656487906786      9.664602461865056E-4     0.005608                 50.21688124405986
0.0024546564879067857     0.001024793579519839     0.005608                 55.28197565908151
0.0025                    0.0010833333333333333    0.005608                 11.515434800242442
0.002454656487906786      0.0010831269128531724    0.005608000000000001     31.318175763130764
0.0025                    0.0011416666666666667    0.005608                 -30.328792169597392
0.002454656487906786      0.0011414602461865058    0.005608                 7.366817799675573
0.0025                    0.0012000000000000001    0.005608                 -72.16057720694158
0.002454656487906786      0.001199793579519839     0.005608                 -16.572098231284322
0.0025                    0.0012583333333333335    0.005608                 -113.97992031179048
0.002454656487906786      0.0012581269128531724    0.005608000000000001     -40.49857232974847
0.0025                    0.001316666666666667     0.005608                 -155.78682148414393
0.0024546564879067857     0.0013164602461865058    0.005608000000000001     -64.41260449571745
0.0025                    0.0013750000000000001    0.005608000000000001     -197.58128072400186
0.002454656487906786      0.0013747935795198393    0.005608000000000001     -153.31604357126767
0.002409312975813572      9.662538257063446E-4     0.005608                 52.66949660921348
0.002409312975813572      0.001024587159039678     0.005608                 57.18017859326882
0.002409312975813572      0.0010829204923730113    0.005608                 51.109247703702664
0.002409312975813572      0.0011412538257063447    0.005608                 45.05075874663194
0.002409312975813572      0.001199587159039678     0.005608                 39.00471172205664
0.002409312975813572      0.0012579204923730113    0.005608                 32.97110662997699
0.002409312975813572      0.0013162538257063447    0.005608                 -29.97009751085006
0.002363969463720358      9.660474052261836E-4     0.005608                 54.978453364165134
0.002363969463720358      0.001024380738559517     0.005608                 59.06671250513967
0.002363969463720358      0.0010827140718928502    0.005608                 70.888650621958
0.002363969463720358      0.0011410474052261836    0.005608                 82.72303067127183
0.002363969463720358      0.001199380738559517     0.005608                 94.56985265308107
0.002363969463720358      0.0012577140718928502    0.005608                 58.06915211523395
0.002318625951627144      9.658409847460225E-4     0.005608                 57.143751508914725
0.002318625951627144      0.001024174318079356     0.005608                 60.94157739469395
0.002318625951627144      0.0010825076514126893    0.005608                 90.65638451789681
0.002318625951627144      0.0011408409847460227    0.005608                 120.3836335735952
0.002318625951627144      0.001199174318079356     0.005608                 110.80170530698396
0.0022732824395339303     9.656345642658615E-4     0.005608                 59.165391043462265
0.0022732824395339303     0.0010239678975991948    0.005608                 62.804773261931814
0.0022732824395339303     0.0010823012309325282    0.005608                 110.41244939151929
0.0022732824395339303     0.0011406345642658616    0.005608                 128.22756206440025
0.0022279389274407163     9.654281437857005E-4     0.005608                 61.043371967807744
0.0022279389274407163     0.0010237614771190337    0.005608                 64.65630010685311
0.0022279389274407163     0.0010820948104523671    0.005608                 110.34672238748266
0.0021825954153475023     9.652217233055395E-4     0.005608                 62.77769428195116
0.0021825954153475023     0.0010235550566388728    0.005608                 57.15918627623131
0.0021372519032542884     9.650153028253784E-4     0.005608                 -22.567303270691678
0.0019606322849230586     0.0012182566885032362    0.005608                 -25.260693305867985
0.0020312071710635914     0.001240619101505608     0.005608                 70.86560877702699
0.0019858636589703774     0.0011820793476921135    0.005608                 -51.199076663320035
0.0020564385451109094     0.0012044417606944854    0.005608                 41.090253179251334
0.0020110950330176954     0.001145902006880991     0.005608                 -68.03649394114348
0.0020816699191582282     0.001168264419883363     0.005608                 21.688813543650916
0.0020363264070650143     0.0011097246660698686    0.005608                 -75.77294513933852
0.0021069012932055466     0.0011320870790722404    0.005608                 12.661289870226058
0.002061557781112333      0.001073547325258746     0.005608                 -74.40843025790517
0.002132132667252865      0.001095909738261118     0.005608                 14.007682158976877
0.002086789155159651      0.0010373699844476235    0.005608                 -63.9429492968435
0.0021573640413001835     0.0010597323974499953    0.005608                 25.72799040990305
0.00211202052920697       0.001001192643636501     0.005608                 -44.37650225615327
0.0021017820572041238     0.0012629815145079799    0.005608000000000001     78.32719161055891
0.002127013431251442      0.0012268041736968574    0.005608                 60.021241270523966
0.0021522448052987606     0.0011906268328857347    0.005608                 52.08920689266486
0.0021774761793460795     0.0011544494920746123    0.005608                 54.53108847698107
0.002202707553393398      0.0011182721512634898    0.005608000000000001     67.34688602347293
0.002172356943344656      0.0012853439275103517    0.005608                 63.52524123131955
0.0021975883173919746     0.0012491665866992293    0.005608                 56.688696149025915
0.002222819691439293      0.0012129892458881066    0.005608                 60.22606702890796
0.002248051065486612      0.0011768119050769841    0.005608                 74.13735387096517
0.002242931829485189      0.0013077063405127235    0.005608                 26.459757639309863
0.002268163203532507      0.001271528999701601     0.005608                 31.092617814757375
0.002293394577579826      0.0012353516588904786    0.005608                 46.099393952380424
0.002313506715625721      0.0013300687535150954    0.005608                 -32.869259165470794
0.0023387380896730398     0.001293891412703973     0.005608                 -16.766993732282188
0.0023840816017662537     0.0013524311665174674    0.005608                 -114.46180918302244
0.0018896276406264224     0.001272779192179401     0.005608                 -54.12928995911254
0.001897702526766955      0.0013534749385151063    0.005608                 -38.96962769604528
0.0019057774129074875     0.0014341706848508115    0.005608000000000001     -14.185188451479206
0.00191385229904802       0.0015148664311865165    0.005608000000000001     5.1037547375716485
0.0019219271851885526     0.0015955621775222218    0.005608000000000001     18.89720187110717
0.0019300020713290849     0.001676257923857927     0.005608000000000002     27.1951529491282
0.0019380769574696176     0.001756953670193632     0.005608000000000002     29.997607971633798
0.0019461518436101502     0.0018376494165293373    0.005608000000000002     31.448133569222914
0.0018438543703771049     0.0012911243550444433    0.005608                 -57.62827220771324
0.0018519292565176372     0.0013718201013801488    0.005608                 -53.4214275031386
0.00186000414265817       0.0014525158477158538    0.005608                 -15.265468911052295
0.0018680790287987025     0.0015332115940515588    0.005608                 17.394993625519255
0.001876153914939235      0.0016139073403872643    0.005608000000000002     44.55996010657606
0.0018842288010797674     0.0016946030867229693    0.005608000000000002     66.22943053211691
0.0018923036872203        0.0017752988330586744    0.005608000000000002     85.67268335406085
0.001798081100127787      0.0013094695179094859    0.005608                 -56.544117310782354
0.0018061559862683194     0.0013901652642451911    0.005608                 -59.988615064572514
0.0018142308724088522     0.0014708610105808964    0.005608                 -8.461137124965404
0.0018223057585493845     0.0015515567569166014    0.005608                 37.5708447591266
0.001830380644689917      0.0016322525032523066    0.005608000000000001     78.10733058770376
0.0018384555308304496     0.0017129482495880119    0.005608000000000001     115.49471157731048
0.0017523078298784692     0.0013278146807745282    0.005608                 -50.87682526831861
0.001760382716019002      0.0014085104271102334    0.005608                 -58.671190380347355
0.0017684576021595342     0.0014892061734459385    0.005608                 6.2278069067803585
0.001776532488300067      0.0015699019197816437    0.005608000000000001     65.63130813839359
0.0017846073744405993     0.001650597666117349     0.005608000000000001     120.91421823897286
0.0017065345596291516     0.0013461598436395705    0.005608                 -40.626396080323474
0.0017146094457696842     0.0014268555899752758    0.005608                 -49.46915345046227
0.0017226843319102167     0.001507551336310981     0.005608000000000001     28.801363184186073
0.0017307592180507492     0.001588247082646686     0.005608000000000001     101.931203339049
0.0016607612893798336     0.001364505006504613     0.005608                 -25.792829746795306
0.0016688361755203664     0.0014452007528403183    0.005608                 -32.38250427491715
0.0016769110616608987     0.0015258964991760235    0.005608                 58.5456668775371
0.0016149880191305161     0.0013828501693696554    0.005608                 -6.376126267735756
0.0016230629052710486     0.0014635459157053606    0.005608                 -9.242391145562145
0.0015692147488811984     0.0014011953322346977    0.005608                 12.165564900325885
8.124562499286845E-4      7.96766623198248E-4      0.005608                 -27.766996632686165
8.358992186875989E-4      7.596707952984669E-4     0.005608                 -4.980439574560945
8.593158846330676E-4      8.124721127806757E-4     0.005608                 41.14218449157971
8.827588533919821E-4      7.753762848808947E-4     0.005608                 -9.846076367517188
8.593421874465135E-4      7.225749673986859E-4     0.005607999999999999     26.385696051008104
9.062018221508965E-4      7.382804569811138E-4     0.005608                 15.38304023288041
8.82785156205428E-4       6.85479139498905E-4      0.005608                 48.069950801792814
9.29644790909811E-4       7.011846290813328E-4     0.005608                 31.322410262172962
9.062281249643424E-4      6.48383311599124E-4      0.005608                 60.072324677793276
9.530877596687255E-4      6.640888011815517E-4     0.005608                 37.97203372036056
9.296710937232568E-4      6.11287483699343E-4      0.005607999999999999     62.39281767900914
9.7653072842764E-4        6.269929732817708E-4     0.005608                 35.33191060744396
9.531140624821714E-4      5.741916557995619E-4     0.005608                 55.031429805440816
9.999736971865545E-4      5.898971453819898E-4     0.005608                 23.402040923422412
9.765570312410857E-4      5.37095827899781E-4      0.005607999999999999     37.98816105708836
0.001023416665945469      5.528013174822088E-4     0.005607999999999999     -8.668778696695579
0.0010000000000000002     5.0E-4                   0.005607999999999999     7.50867428930072
9.061755193374508E-4      8.281776023631034E-4     0.005608                 28.134260866933637
9.296184880963653E-4      7.910817744633226E-4     0.005608                 -5.03490682994738
9.530614568552797E-4      7.539859465635415E-4     0.005608                 12.981147381198557
9.765044256141942E-4      7.168901186637605E-4     0.005608                 21.707455021239916
9.999473943731086E-4      6.797942907639796E-4     0.005608                 21.14401609017698
0.001023390363132023      6.426984628641985E-4     0.005608                 11.290830588008653
0.0010468333318909375     6.056026349644176E-4     0.005608                 -19.05741783828044
9.530351540418341E-4      8.438830919455314E-4     0.005608                 21.562632121594607
9.764781228007483E-4      8.067872640457503E-4     0.005608                 4.9489565462703915
9.999210915596628E-4      7.696914361459694E-4     0.005607999999999999     15.751948368165383
0.0010233640603185773     7.325956082461884E-4     0.005608                 17.265193618955504
0.0010468070290774918     6.954997803464074E-4     0.005607999999999999     9.488692298641126
0.0010702499978364063     6.584039524466265E-4     0.005607999999999999     -19.902905990803497
9.99894788746217E-4       8.595885815279591E-4     0.005608                 21.427298255562455
0.0010233377575051316     8.224927536281781E-4     0.005608                 20.10551376113708
0.001046780726264046      7.853969257283972E-4     0.005608                 23.695443193781273
0.0010702236950229605     7.483010978286161E-4     0.005608                 17.99562605532038
0.001093666663781875      7.112052699288352E-4     0.005608                 -11.205243154264252
0.0010467544234506        8.752940711103869E-4     0.005608                 27.728259268837252
0.0010701973922095146     8.381982432106059E-4     0.005608                 40.434764814653285
0.001093640360968429      8.011024153108249E-4     0.005608                 36.81163185804567
0.0011170833297273436     7.640065874110439E-4     0.005608                 7.035570671336551
0.0010936140581549833     8.909995606928148E-4     0.005608                 40.465515161419034
0.0011170570269138978     8.539037327930338E-4     0.005608                 65.93670970681688
0.0011404999956728123     8.168079048932528E-4     0.005607999999999999     34.81953548599893
0.0011404736928593666     9.067050502752426E-4     0.005608                 59.639065933307705
0.001163916661618281      8.696092223754615E-4     0.005608                 72.14665128972365
0.0011873333275637496     9.224105398576703E-4     0.005608                 44.6612704754643
0.0010895514419431407     0.0014201846121003978    0.005608                 -16.667758679115313
0.0011017741776457167     0.001357962853070057     0.005608                 -5.004500330179475
0.0011495093553103978     0.0014178109521171853    0.005608                 -8.584056364527274
0.001161732091012974      0.0013555891930868444    0.005608                 1.7694798907874727
0.001113996913348293      0.001295741094039716     0.005608                 18.3347232704898
0.00117395482671555       0.0012933674340565033    0.005608                 16.223825218890767
0.0011262196490508692     0.001233519335009375     0.005608                 35.85303251826124
0.0011861775624181262     0.0012311456750261625    0.005608                 25.446524569076228
0.0011384423847534452     0.001171297575979034     0.005608                 47.55042741313362
0.0011984002981207022     0.0011689239159958216    0.005608                 29.437577941342862
0.0011506651204560212     0.001109075816948693     0.005608                 53.42690795510829
0.0012106230338232782     0.0011067021569654805    0.005608                 28.19698533569126
0.0011628878561585974     0.0010468540579183522    0.005608                 53.48247414418415
0.0012228457695258545     0.0010444803979351397    0.005608                 21.724746752122165
0.0011751105918611736     9.846322988880112E-4     0.005608                 47.71712598036185
0.0012350685052284307     9.822586389047988E-4     0.005608                 11.167512087541008
0.001209467268677655      0.0014154372921339727    0.005608                 5.595656798625463
0.0012216900043802313     0.001353215533103632     0.005608                 22.806272273577317
0.0012339127400828073     0.001290993774073291     0.005608                 27.616382587846303
0.0012461354757853835     0.00122877201504295      0.005608                 27.194846924196547
0.0012583582114879595     0.001166550256012609     0.005608                 21.54166528262925
0.0012705809471905357     0.0011043284969822682    0.005608                 10.65683766314304
0.0012828036828931117     0.001042106737951927     0.005608                 0.9995599006410183
0.0012694251820449124     0.0014130636321507603    0.005608                 17.4159687451804
0.0012816479177474884     0.0013508418731204195    0.005608                 38.46577904416833
0.0012938706534500646     0.0012886201140900784    0.005608                 33.63165434460238
0.0013060933891526406     0.0012263983550597375    0.005608                 23.565883667118772
0.0013183161248552168     0.0011641765960293967    0.005608                 8.268467011716229
0.0013305388605577928     0.0011019548369990556    0.005608                 -2.8858463167907353
0.0013293830954121694     0.0014106899721675478    0.005608                 26.876879475137052
0.0013416058311147457     0.001348468213137207     0.005608                 48.748000202560036
0.0013538285668173219     0.0012862464541068658    0.005608                 34.269640489159954
0.0013660513025198979     0.001224024695076525     0.005608                 14.55963479784162
0.0013782740382224739     0.0011618029360461841    0.005608                 -0.4887065647535689
0.0013893410087794267     0.0014083163121843352    0.005608                 33.97838898849542
0.001401563744482003      0.0013460945531539943    0.005608                 53.65293574875372
0.001413786480184579      0.0012838727941236533    0.005608                 29.5303410215187
0.0014260092158871552     0.0012216510350933124    0.005608                 8.190979156752219
0.001449298922146684      0.0014059426522011228    0.005608                 38.72049728525552
0.00146152165784926       0.0013437208931707818    0.005608                 53.18058568274809
0.001473744393551836      0.001281499134140441     0.005608                 23.153210847725788
0.0015092568355139413     0.0014035689922179103    0.005608                 41.103204365417966
0.0015214795712165173     0.0013413472331875694    0.005608                 44.39798850816962
8.328618602814163E-4      0.001072378110178123     0.005608                 -11.530056545490845
8.303111589873249E-4      0.0010379266743056387    0.005608                 58.35550092742713
8.771707936917079E-4      0.0010536321638880664    0.005608                 9.254526379130425
8.746200923976165E-4      0.001019180728015582     0.005608                 21.90092721640633
8.277604576932333E-4      0.0010034752384331543    0.005608                 51.30065879091458
8.720693911035251E-4      9.847292921430979E-4     0.005608                 36.704072986739845
8.252097563991418E-4      9.690238025606699E-4     0.005608                 45.32284377053627
8.695186898094334E-4      9.502778562706132E-4     0.005608                 52.56918586932499
8.226590551050504E-4      9.345723666881855E-4     0.005608                 40.422055866292354
8.66967988515342E-4       9.158264203981289E-4     0.005608                 69.49626586416136
8.20108353810959E-4       9.001209308157011E-4     0.005608                 36.59829507818254
8.644172872212506E-4      8.813749845256446E-4     0.005608                 87.48531297124927
8.175576525168675E-4      8.656694949432167E-4     0.005608                 33.85156140620694
8.618665859271592E-4      8.469235486531601E-4     0.005608                 106.53632719058827
8.15006951222776E-4       8.312180590707324E-4     0.005608                 32.18185485036572
9.214797271019996E-4      0.0010348862175980098    0.005608                 35.06283464672039
9.189290258079082E-4      0.0010004347817255256    0.005608                 39.967930674663904
9.163783245138167E-4      9.65983345853041E-4      0.005608                 47.57225618444165
9.138276232197252E-4      9.315319099805566E-4     0.005608                 56.23854880647079
9.112769219256337E-4      8.970804741080722E-4     0.005608                 65.96680854075126
9.087262206315423E-4      8.62629038235588E-4      0.005608                 76.757035387283
9.657886605122913E-4      0.0010161402713079533    0.005608                 53.25976263522318
9.632379592181999E-4      9.81688835435469E-4      0.005608                 50.27522241952356
9.606872579241083E-4      9.472373995629846E-4     0.005608                 50.68072766874536
9.581365566300169E-4      9.127859636905002E-4     0.005608                 52.14820003021836
9.555858553359255E-4      8.783345278180158E-4     0.005608                 54.677639503942764
0.001010097593922583      9.973943250178967E-4     0.005608                 63.8453103446388
0.0010075468926284915     9.629428891454123E-4     0.005608                 52.82280245098505
0.0010049961913344        9.284914532729279E-4     0.005608                 46.02948743965081
0.0010024454900403085     8.940400174004435E-4     0.005608                 40.298139540567846
0.0010544065273328746     9.7864837872784E-4       0.005608                 66.81947777496731
0.0010518558260387831     9.441969428553557E-4     0.005608                 47.61067076904834
0.0010493051247446915     9.097455069828713E-4     0.005608                 33.61853549715822
0.0010987154607431664     9.599024324377836E-4     0.005608                 62.182264926208745
0.0010961647594490748     9.254509965652992E-4     0.005608                 34.63882737371365
0.001143024394153458      9.41156486147727E-4      0.005608                 49.93367179836298
8.649480579891319E-4      0.0011158539229184075    0.005608                 -92.44156161265036
9.092569913994235E-4      0.0010971079766283506    0.005608                 -24.818492103896652
9.535659248097151E-4      0.0010783620303382942    0.005608                 6.969221639038194
9.97874858220007E-4       0.0010596160840482378    0.005608                 31.29388653719698
0.0010421837916302986     0.001040870137758181     0.005608                 48.15550259057984
0.0010864927250405902     0.0010221241914681245    0.005608                 57.55406979918634
0.001130801658450882      0.001003378245178068     0.005608                 59.48958816301677
8.970342556968474E-4      0.0011593297356586917    0.005608                 -124.08425415167446
9.41343189107139E-4       0.0011405837893686353    0.005608                 -48.05958043769565
9.856521225174307E-4      0.0011218378430785786    0.005608                 -10.834945768191297
0.0010299610559277223     0.001103091896788522     0.005608                 18.92664005653642
0.001074269989338014      0.0010843459504984653    0.005608                 41.22517703648808
0.0011185789227483056     0.0010656000042084087    0.005608                 56.06066517166313
9.291204534045629E-4      0.0012028055483989761    0.005608                 -141.57643568040197
9.734293868148545E-4      0.0011840596021089195    0.005608                 -59.373960801458324
0.0010177383202251463     0.0011653136558188628    0.005608                 -16.71240520538596
0.001062047253635438      0.0011465677095288064    0.005608                 18.486101545910692
0.0011063561870457296     0.0011278217632387498    0.005608                 46.22155945243135
9.612066511122785E-4      0.0012462813611392605    0.005608                 -144.9181061988323
0.0010055155845225701     0.0012275354148492037    0.005608                 -58.76163319518663
0.001049824517932862      0.0012087894685591473    0.005608                 -10.663156672544751
0.0010941334513431536     0.0011900435222690908    0.005608                 29.972271005320746
9.932928488199941E-4      0.0012897571738795448    0.005608                 -134.10926570696634
0.0010376017822302857     0.0012710112275894883    0.005608                 -46.22259761887924
0.0010819107156405773     0.0012522652812994315    0.005608                 7.312799830331468
0.0010253790465277095     0.0013332329866198292    0.005608                 -109.14991420480314
0.0010696879799380013     0.0013144870403297725    0.005608                 -21.756854072536193
0.0010574652442354251     0.0013767087993601134    0.005608                 -70.04005169234355
7.912541277462393E-4      0.0011174975130725244    0.005608                 13.72187891714394
8.233403254539549E-4      0.0011609733258128086    0.005608                 -30.160964804050497
8.554265231616703E-4      0.001204449138553093     0.005608                 -67.7447256760089
8.875127208693859E-4      0.0012479249512933773    0.005608                 -88.9541724974089
9.195989185771015E-4      0.0012914007640336617    0.005608                 -93.7893052682509
9.516851162848171E-4      0.0013348765767739461    0.005608                 -82.25012398853423
9.837713139925325E-4      0.0013783523895142303    0.005608                 -54.336628658259656
0.0010158575117002481     0.0014218282022545148    0.005608                 -11.701001541712026
7.496463952110622E-4      0.0011626169159669256    0.005608                 86.62198163720049
7.817325929187778E-4      0.00120609272870721      0.005608                 37.06187699263275
8.138187906264933E-4      0.0012495685414474944    0.005608                 -3.498268933602838
8.459049883342088E-4      0.0012930443541877786    0.005608                 -27.68410080928046
8.779911860419244E-4      0.001336520166928063     0.005608                 -35.49561863439968
9.1007738374964E-4        0.0013799959796683473    0.005608                 -26.932822408960515
9.421635814573556E-4      0.0014234717924086317    0.005608                 -3.0125785033728496
7.080386626758851E-4      0.001207736318861327     0.005608                 135.1200653469706
7.401248603836007E-4      0.0012512121316016114    0.005608                 80.85465685635776
7.722110580913163E-4      0.0012946879443418956    0.005608                 37.31812587584448
8.042972557990317E-4      0.00133816375708218      0.005608                 10.15590894588969
8.363834535067474E-4      0.0013816395698224644    0.005608                 -0.6319939335069407
8.68469651214463E-4       0.0014251153825627486    0.005608                 4.572569119026344
6.664309301407081E-4      0.0012528557217557283    0.005608                 159.2161300464547
6.985171278484237E-4      0.0012963315344960125    0.005608                 101.21737478712377
7.306033255561393E-4      0.001339807347236297     0.005608                 54.70445875233328
7.626895232638548E-4      0.0013832831599765814    0.005608                 24.56585676810103
7.947757209715704E-4      0.0014267589727168656    0.005608                 11.054441325485685
6.248231976055312E-4      0.0012979751246501295    0.005608                 158.91017573565284
6.569093953132467E-4      0.0013414509373904139    0.005608                 98.15003078493129
6.889955930209622E-4      0.0013849267501306983    0.005608                 48.6607296958635
7.210817907286778E-4      0.0014284025628709825    0.005608                 16.433038116005132
5.832154650703541E-4      0.0013430945275445308    0.005608                 134.20220241456474
6.153016627780696E-4      0.0013865703402848152    0.005608                 71.65262484978031
6.473878604857852E-4      0.0014300461530250995    0.005608                 20.70835949058469
5.41607732535177E-4       0.001388213930438932     0.005608                 85.09221008319051
5.736939302428926E-4      0.0014316897431792164    0.005608                 23.88040544922432
5.0E-4                    0.0014333333333333333    0.005608                 30.138005568977764
0.001078357511700248      0.0014801615355878482    0.005608                 36.940497275920144
0.0010046635814573556     0.0014818051257419651    0.005608                 34.557594411603155
0.0010671635814573557     0.0015401384590752985    0.005608                 75.36310989673474
9.93469651214463E-4       0.0015417820492294153    0.005608                 74.78800698904492
0.001055969651214463      0.0016001153825627487    0.005608                 107.1674107389633
9.822757209715703E-4      0.0016017589727168656    0.005608                 107.33805392632767
0.0010447757209715704     0.001660092306050199     0.005608                 132.3533998026061
9.710817907286778E-4      0.001661735896204316     0.005608                 132.20773522345172
0.0010335817907286778     0.0017200692295376494    0.005608                 150.92107708766252
9.598878604857853E-4      0.0017217128196917663    0.005608                 149.39705088041674
0.001022387860485785      0.0017800461530250995    0.005608                 162.870442594133
9.486939302428927E-4      0.0017816897431792164    0.005608                 158.90600089722312
0.0010111939302428926     0.0018400230765125499    0.005608                 168.20149632201728
9.375E-4                  0.0018416666666666668    0.005608                 173.44540920286997
0.001                     0.0019000000000000002    0.005608                 240.8047197666668
9.30969651214463E-4       0.001483448715896082     0.005608                 17.573420940156083
9.197757209715704E-4      0.0015434256393835324    0.005608                 31.495921113936024
9.085817907286778E-4      0.0016034025628709825    0.005608                 37.73805564755684
8.973878604857852E-4      0.001663379486358433     0.005608                 36.29982454101882
8.861939302428926E-4      0.0017233564098458832    0.005608                 27.181227794321913
8.75E-4                   0.0017833333333333334    0.005608                 20.25994560939509
8.572757209715704E-4      0.001485092306050199     0.005608                 -0.5143255893252263
8.460817907286777E-4      0.0015450692295376491    0.005608                 -12.899737819207395
8.348878604857851E-4      0.0016050461530250995    0.005608                 -32.96551568924829
8.236939302428926E-4      0.0016650230765125498    0.005608                 -60.71165919944796
8.125000000000001E-4      0.0017250000000000002    0.005608                 -87.80415377703771
7.835817907286778E-4      0.001486735896204316     0.005608                 -19.70564517684072
7.723878604857852E-4      0.0015467128196917663    0.005608                 -58.39896981038483
7.611939302428926E-4      0.0016066897431792164    0.005608                 -104.77266008408738
7.5E-4                    0.0016666666666666668    0.005608                 -150.7468889564289
7.098878604857852E-4      0.0014883794863584329    0.005608                 -40.00053782239056
6.986939302428926E-4      0.0015483564098458832    0.005608                 -105.0017748595965
6.875E-4                  0.0016083333333333334    0.005608                 -168.56825992877828
6.361939302428927E-4      0.0014900230765125498    0.005608                 -61.399003525974415
6.25E-4                   0.0015500000000000002    0.005608                 -141.26826669408572
5.625000000000001E-4      0.0014916666666666667    0.005608                 -68.84690925235105
4.999999999999999E-4      9.666666666666667E-4     0.005607999999999999     0.637711091023743
5.41607732535177E-4       9.798805971055987E-4     0.005607999999999999     -21.540657782755048
4.999999999999999E-4      0.0010249999999999999    0.005607999999999999     2.1918779326166146E-15
5.41607732535177E-4       0.0010382139304389321    0.005608                 -22.350680833314932
5.83215465070354E-4       9.930945275445308E-4     0.005608                 -36.56369152867663
5.83215465070354E-4       0.0010514278608778642    0.005608                 -37.0774848309619
6.24823197605531E-4       0.0010063084579834628    0.005607999999999999     -44.11253460122896
6.248231976055312E-4      0.0010646417913167962    0.005608                 -44.18041199294089
6.664309301407081E-4      0.0010195223884223949    0.005608                 -44.18718700041218
6.664309301407081E-4      0.001077855721755728     0.005608                 -43.659462319252086
7.080386626758851E-4      0.001032736318861327     0.005608                 -36.78764872622632
7.080386626758851E-4      0.0010910696521946603    0.005608                 -35.51463580989515
7.496463952110622E-4      0.001045950249300259     0.005607999999999999     -21.913919778671257
7.496463952110621E-4      0.0011042835826335922    0.005608                 -19.74593246487035
7.912541277462392E-4      0.001059164179739191     0.005608                 0.4339998422529874
4.999999999999999E-4      0.0010833333333333333    0.005608                 4.648402263216643E-16
5.41607732535177E-4       0.0010965472637722655    0.005608                 -5.85175437167416
5.83215465070354E-4       0.0011097611942111974    0.005608                 -4.0796319076803975
6.24823197605531E-4       0.0011229751246501294    0.005608                 5.3163673919813235
6.664309301407081E-4      0.0011361890550890615    0.005608                 22.336243527310927
7.080386626758851E-4      0.0011494029855279937    0.005608                 46.97999649830848
5.0E-4                    0.0011416666666666667    0.005607999999999999     -1.3403840235751637E-15
5.41607732535177E-4       0.0011548805971055987    0.005607999999999999     10.647172089966599
5.83215465070354E-4       0.0011680945275445308    0.005608                 28.91822101560104
6.248231976055312E-4      0.0011813084579834628    0.005607999999999999     54.81314677690354
6.664309301407081E-4      0.0011945223884223949    0.005608                 88.33194937387394
5.0E-4                    0.0012000000000000001    0.005608                 -3.223794817073865E-15
5.41607732535177E-4       0.001213213930438932     0.005608                 27.146098551607277
5.832154650703541E-4      0.0012264278608778642    0.005608                 61.916073938882484
6.248231976055312E-4      0.001239641791316796     0.005608                 104.30992616182579
5.0E-4                    0.0012583333333333333    0.005608                 -5.1853921541744216E-15
5.41607732535177E-4       0.0012715472637722654    0.005608                 43.64502501324805
5.832154650703541E-4      0.0012847611942111974    0.005608                 94.91392686216403
5.0E-4                    0.0013166666666666667    0.005607999999999999     -7.22517603487684E-15
5.41607732535177E-4       0.0013298805971055988    0.005608                 60.14395147488878
5.0E-4                    0.001375                 0.005608                 -9.34314645918112E-15
7.887034264521477E-4      0.0010247127438667066    0.005608                 85.38814009853436
7.470956939169707E-4      0.0010114988134277746    0.005608                 57.463994898035416
7.054879613817937E-4      9.982848829888425E-4     0.005608                 36.86435420860684
6.638802288466167E-4      9.850709525499105E-4     0.005608                 23.58921803024856
6.222724963114395E-4      9.718570221109785E-4     0.005608                 17.638586362960602
5.806647637762626E-4      9.586430916720464E-4     0.005608                 19.01245920674307
5.390570312410855E-4      9.454291612331143E-4     0.005607999999999999     26.944392091124623
7.861527251580562E-4      9.902613079942222E-4     0.005608                 59.15453011691724
7.445449926228793E-4      9.770473775552902E-4     0.005608                 41.108425238715675
7.029372600877022E-4      9.638334471163581E-4     0.005608                 30.38682487158447
6.613295275525251E-4      9.506195166774261E-4     0.005608                 26.989729015523718
6.197217950173481E-4      9.37405586238494E-4      0.005608                 30.917137670533187
5.78114062482171E-4       9.24191655799562E-4      0.005608                 41.55925870324301
7.836020238639648E-4      9.558098721217378E-4     0.005608                 34.013007255317056
7.419942913287879E-4      9.425959416828058E-4     0.005607999999999999     25.84494269941295
7.003865587936107E-4      9.293820112438738E-4     0.005608                 25.001382654579295
6.587788262584337E-4      9.161680808049417E-4     0.005607999999999999     31.482327120815917
6.171710937232567E-4      9.029541503660097E-4     0.005607999999999999     44.8011664728908
7.810513225698734E-4      9.213584362492535E-4     0.005608                 9.963571513734117
7.394435900346963E-4      9.081445058103214E-4     0.005608                 11.673547280127442
6.978358574995193E-4      8.949305753713894E-4     0.005608                 20.70802755759119
6.562281249643423E-4      8.817166449324573E-4     0.005608                 36.67011540006797
7.78500621275782E-4       8.869070003767691E-4     0.005608                 -12.993777107831715
7.368928887406049E-4      8.73693069937837E-4      0.005608                 -1.4057610191409537
6.952851562054278E-4      8.60479139498905E-4      0.005608                 17.166105484774555
7.759499199816904E-4      8.524555645042847E-4     0.005608                 -34.85903860938048
7.343421874465134E-4      8.392416340653526E-4     0.005607999999999999     -13.710863272989487
7.733992186875989E-4      8.180041286318003E-4     0.005608                 -55.96079087322419
5.0E-4                    0.0019                   0.005608                 -255.57578568032204
5.0E-4                    0.0018416666666666666    0.005608                 -213.19870691172073
5.625000000000001E-4      0.0019                   0.005608                 -164.64563415487828
5.625000000000001E-4      0.0018416666666666668    0.005608                 -147.22517150200864
5.0E-4                    0.0017833333333333334    0.005608                 -171.3497415065632
5.625000000000001E-4      0.0017833333333333334    0.005608                 -130.33282221258253
5.0E-4                    0.001725                 0.005608                 -130.02888946484924
5.625000000000001E-4      0.0017250000000000002    0.005608                 -113.96858628660024
5.0E-4                    0.0016666666666666666    0.005608                 -89.2361507865792
5.625000000000001E-4      0.0016666666666666668    0.005608                 -98.13246372406194
5.0E-4                    0.0016083333333333334    0.005608                 -48.971525471753104
5.625000000000001E-4      0.0016083333333333334    0.005608                 -82.82445452496748
5.0E-4                    0.00155                  0.005608                 -9.235013520370552
5.625000000000001E-4      0.0015500000000000002    0.005608                 -68.04455868931663
5.0E-4                    0.0014916666666666667    0.005608                 29.97338506756808
6.25E-4                   0.0019000000000000002    0.005608                 -76.68975919250073
6.25E-4                   0.0018416666666666668    0.005608                 -84.22591265536306
6.25E-4                   0.0017833333333333334    0.005608                 -92.29017948166779
6.25E-4                   0.001725                 0.005608                 -100.88255967141791
6.25E-4                   0.0016666666666666666    0.005608                 -110.00305322461085
6.25E-4                   0.0016083333333333336    0.005608                 -119.65166014124824
6.875E-4                  0.0019                   0.005608                 8.291839206810394
6.875E-4                  0.0018416666666666668    0.005608                 -24.2009303717833
6.875E-4                  0.0017833333333333334    0.005608                 -57.22181331382051
6.875E-4                  0.001725                 0.005608                 -90.77080961930203
6.875E-4                  0.0016666666666666666    0.005608                 -124.8479192882269
7.5E-4                    0.0019000000000000002    0.005608                 90.29916104305505
7.5E-4                    0.0018416666666666668    0.005608                 32.84977534872968
7.5E-4                    0.0017833333333333334    0.005608                 -25.127723709038825
7.5E-4                    0.001725                 0.005608                 -83.63333613025208
8.125000000000001E-4      0.0019000000000000002    0.005608                 169.33220631623314
8.125000000000001E-4      0.0018416666666666668    0.005608                 86.92620450617596
8.125000000000001E-4      0.0017833333333333334    0.005608                 3.9920893326753344
8.75E-4                   0.0019                   0.005608                 245.39097502634456
8.75E-4                   0.0018416666666666668    0.005608                 138.02835710055567
9.375E-4                  0.0019000000000000002    0.005608                 318.47546717339014
0.002                     5.0E-4                   0.005608                 0.11421559557075034
0.0020625                 5.0E-4                   0.005608                 0
0.002017156487906786      5.581269128531723E-4     0.005608                 22.124925386760534
0.002079656487906786      5.581269128531723E-4     0.005608                 1.3280348892066705
0.002125                  5.0E-4                   0.005608                 0
0.002142156487906786      5.581269128531723E-4     0.005608                 -19.409200842860606
0.0021875                 5.0E-4                   0.005608                 0
0.002204656487906786      5.581269128531723E-4     0.005608                 -40.146436574928195
0.0022500000000000003     5.0E-4                   0.005608                 0
0.002267156487906786      5.581269128531723E-4     0.005608                 -60.88367230699562
0.0023125000000000003     5.0E-4                   0.005608                 0
0.002329656487906786      5.581269128531723E-4     0.005608                 -81.62090803906307
0.002375                  5.0E-4                   0.005608                 0
0.002392156487906786      5.581269128531723E-4     0.005608                 -102.35814377113049
0.0024375000000000004     5.0E-4                   0.005608                 0
0.002454656487906786      5.581269128531723E-4     0.005608                 -114.7805936545436
0.0025                    5.0E-4                   0.005608                 0
0.0020343129758135722     6.162538257063446E-4     0.005608                 33.644194594353344
0.0020968129758135723     6.162538257063446E-4     0.005608                 -7.771618243150341
0.0021593129758135723     6.162538257063446E-4     0.005608                 -49.24608970728511
0.002221812975813572      6.162538257063446E-4     0.005608                 -90.72056117142013
0.002284312975813572      6.162538257063446E-4     0.005608                 -132.19503263555487
0.002346812975813572      6.162538257063446E-4     0.005608                 -173.66950409968956
0.002409312975813572      6.162538257063446E-4     0.005608                 -195.94114071449087
0.0020514694637203583     6.74380738559517E-4      0.005608                 34.72913101613486
0.0021139694637203584     6.74380738559517E-4      0.005608                 -27.29895939707125
0.002176469463720358      6.74380738559517E-4      0.005608                 -89.51066659327348
0.002238969463720358      6.74380738559517E-4      0.005608                 -151.72237378947602
0.002301469463720358      6.74380738559517E-4      0.005608                 -213.93408098567815
0.002363969463720358      6.74380738559517E-4      0.005608                 -243.48164117984226
0.0020686259516271444     7.325076514126893E-4     0.005608                 25.379734652104297
0.0021311259516271445     7.325076514126893E-4     0.005608                 -57.2539885725559
0.0021936259516271445     7.325076514126893E-4     0.005608                 -140.2029315008256
0.002256125951627144      7.325076514126893E-4     0.005608                 -223.15187442909513
0.002318625951627144      7.325076514126893E-4     0.005608                 -257.402095050597
0.0020857824395339305     7.906345642658616E-4     0.005608                 5.596005502262273
0.0021482824395339306     7.906345642658616E-4     0.005608                 -97.63670576960408
0.00221078243953393       7.906345642658616E-4     0.005608                 -201.32288442994138
0.0022732824395339303     7.906345642658616E-4     0.005608                 -237.70250232675565
0.002102938927440716      8.487614771190338E-4     0.005608                 -24.622056433391222
0.0021654389274407162     8.487614771190338E-4     0.005608                 -148.4471109882163
0.0022279389274407163     8.487614771190338E-4     0.005608                 -184.382863008318
0.0021200954153475023     9.068883899722062E-4     0.005608                 -65.27445115485645
0.0021825954153475023     9.068883899722062E-4     0.005608                 -97.4431770952843
0.0025                    9.083333333333333E-4     0.005608                 0
0.0024546564879067857     9.081269128531722E-4     0.005608                 2.941066028237609
0.002409312975813572      9.079204923730113E-4     0.005608                 5.606483858387602
0.002363969463720358      9.077140718928502E-4     0.005608                 7.996253490450041
0.002318625951627144      9.075076514126893E-4     0.005608                 10.11037492442496
0.0022732824395339303     9.073012309325282E-4     0.005608                 11.94884816031226
0.0022279389274407163     9.070948104523671E-4     0.005608                 13.511673198111971
0.0025                    8.5E-4                   0.005608                 0
0.002454656487906786      8.49793579519839E-4      0.005608                 -15.293412944116877
0.002409312975813572      8.49587159039678E-4      0.005608                 -30.86247408632135
0.002363969463720358      8.493807385595169E-4     0.005608                 -46.7071834266134
0.002318625951627144      8.491743180793559E-4     0.005608                 -62.827540964992984
0.0022732824395339303     8.489678975991949E-4     0.005608                 -79.22354670146015
0.0025                    7.916666666666666E-4     0.005608                 0
0.002454656487906786      7.914602461865055E-4     0.005608                 -33.52789191647139
0.002409312975813572      7.912538257063447E-4     0.005608                 -67.33143203103033
0.002363969463720358      7.910474052261836E-4     0.005608                 -101.41062034367687
0.002318625951627144      7.908409847460225E-4     0.005608                 -135.76545685441096
0.0025                    7.333333333333333E-4     0.005608                 0
0.002454656487906786      7.331269128531724E-4     0.005608                 -51.76237088882587
0.002409312975813572      7.329204923730113E-4     0.005608                 -103.80038997573928
0.002363969463720358      7.327140718928503E-4     0.005608                 -156.11405726074028
0.0025                    6.75E-4                  0.005608                 0
0.002454656487906786      6.747935795198389E-4     0.005608                 -69.99684986118032
0.002409312975813572      6.74587159039678E-4      0.005608                 -140.2693479204482
0.0025                    6.166666666666666E-4     0.005608                 0
0.002454656487906786      6.164602461865056E-4     0.005608                 -88.23132883353483
0.0025                    5.583333333333333E-4     0.005608                 0
0.0015                    0.0018999999999999998    0.005608                 161.3727201818227
0.0015086518436101498     0.001837649416529337     0.005608                 165.4387483626665
0.0015625                 0.0019                   0.005608                 264.7881167838906
0.0015711518436101499     0.001837649416529337     0.005608                 221.1490134864339
0.0015173036872202998     0.0017752988330586744    0.005608                 132.78569931832743
0.0015798036872202996     0.0017752988330586742    0.005608                 178.92000861092492
0.0015259555308304493     0.0017129482495880114    0.005608                 100.61266280511941
0.0015884555308304494     0.0017129482495880117    0.005608                 138.10110215736353
0.001534607374440599      0.0016505976661173487    0.005608                 68.91963882304266
0.0015971073744405994     0.0016505976661173487    0.005608                 98.6922941257484
0.001543259218050749      0.001588247082646686     0.005608                 37.706627372095696
0.0016057592180507491     0.001588247082646686     0.005608                 60.6935845160815
0.0015519110616608986     0.0015258964991760233    0.005608                 6.9736284522804155
0.0016144110616608987     0.0015258964991760233    0.005608                 24.10497332836107
0.0015605629052710486     0.0014635459157053606    0.005608                 -23.279357936405106
0.0016250000000000001     0.0018999999999999998    0.005608                 239.17969809023663
0.00163365184361015       0.0018376494165293369    0.005608000000000001     205.42980269496522
0.0016423036872202997     0.0017752988330586744    0.005608                 173.0900057216418
0.0016509555308304494     0.0017129482495880119    0.005608                 142.1603071702665
0.0016596073744405992     0.001650597666117349     0.005608                 112.64070704083797
0.001668259218050749      0.001588247082646686     0.005608000000000001     84.53120533335581
0.0016875000000000002     0.0018999999999999998    0.005608000000000001     207.48847616072777
0.00169615184361015       0.001837649416529337     0.005608000000000001     183.6277886676437
0.0017048036872203        0.0017752988330586744    0.005608                 161.17719959650591
0.0017134555308304495     0.0017129482495880117    0.005608                 140.13670894731598
0.0017221073744405995     0.001650597666117349     0.005608000000000001     120.5063167200741
0.0017500000000000003     0.0019                   0.005608000000000001     169.71445099536552
0.00175865184361015       0.0018376494165293373    0.005608000000000001     155.7429714044672
0.0017673036872202998     0.0017752988330586744    0.005608000000000001     143.18159023551644
0.0017759555308304495     0.0017129482495880119    0.005608000000000001     132.0303074885127
0.0018125000000000003     0.0019000000000000002    0.005608000000000001     125.8576225941511
0.00182115184361015       0.0018376494165293373    0.005608000000000001     121.7753509054392
0.0018298036872202998     0.0017752988330586746    0.005608000000000001     119.1031776386736
0.0018750000000000004     0.0019                   0.005608000000000002     75.91799095708464
0.0018836518436101501     0.0018376494165293373    0.005608000000000002     81.72492717055745
0.0019375000000000004     0.0019000000000000002    0.005608000000000002     19.895556084163125
0.0010625                 0.0019000000000000002    0.005608                 4.4546250681959805
0.0010736939302428926     0.0018400230765125499    0.005608                 14.001185961444815
0.0010848878604857851     0.0017800461530250995    0.005608                 17.99148893767994
0.0010960817907286777     0.0017200692295376492    0.005608                 16.42553399690226
0.0011072757209715704     0.0016600923060501988    0.005608                 9.303321139110135
0.001118469651214463      0.0016001153825627485    0.005608                 -3.3751496356949744
0.0011296635814573555     0.0015401384590752985    0.005608                 -21.609878327512803
0.001140857511700248      0.0014801615355878482    0.005608                 -27.216300861609533
0.0011250000000000001     0.0019                   0.005608                 26.56046974231665
0.0011361939302428925     0.0018400230765125499    0.005608                 22.62294428725982
0.0011473878604857852     0.0017800461530250995    0.005608                 13.12916091519035
0.001158581790728678      0.0017200692295376492    0.005608                 -1.9208803738937945
0.0011697757209715703     0.001660092306050199     0.005608                 -22.527179579990424
0.001180969651214463      0.0016001153825627487    0.005608                 -48.6897367031015
0.0011921635814573556     0.0015401384590752983    0.005608                 -47.32912622484281
0.0011875000000000002     0.0019000000000000002    0.005608                 45.22721931558713
0.0011986939302428927     0.0018400230765125499    0.005608                 27.805607512225066
0.0012098878604857853     0.0017800461530250995    0.005608                 4.827737791849017
0.0012210817907286778     0.0017200692295376492    0.005608                 -23.70638984553966
0.0012322757209715703     0.0016600923060501988    0.005608                 -57.796775399942135
0.001243469651214463      0.0016001153825627485    0.005608                 -54.68441384730802
0.00125                   0.0019                   0.005608                 60.45487378800901
0.0012611939302428926     0.0018400230765125496    0.005608                 29.5491756363413
0.0012723878604857853     0.0017800461530250995    0.005608                 -6.912780432340391
0.0012835817907286778     0.0017200692295376492    0.005608                 -48.93099441803486
0.0012947757209715704     0.0016600923060501988    0.005608                 -49.282163729005134
0.0013124999999999999     0.0018999999999999998    0.005608                 72.24343315958002
0.0013236939302428926     0.0018400230765125494    0.005608                 27.8536486596064
0.0013348878604857852     0.0017800461530250993    0.005608                 -22.09239375737978
0.0013460817907286777     0.001720069229537649     0.005608                 -31.122375869933833
0.0013750000000000001     0.0018999999999999998    0.005608                 80.59289743030197
0.0013861939302428927     0.0018400230765125496    0.005608                 22.71902658202316
0.0013973878604857854     0.0017800461530250993    0.005608                 -0.20505027009539845
0.0014375                 0.0019                   0.005608                 85.50326660017464
0.0014486939302428927     0.0018400230765125496    0.005608                 43.46981307051252
0.0015006049919037913     0.001465919575688573     0.005608                 8.91744242666813
0.0014919531482936418     0.0015282701591592357    0.005608                 20.688771544344032
0.001483301304683492      0.0015906207426298984    0.005608                 32.01002730233378
0.001474649461073342      0.0016529713261005613    0.005608                 42.881209700637775
0.0014659976174631923     0.0017153219095712238    0.005608                 53.302318739255675
0.0014573457738530425     0.0017776724930418867    0.005608                 63.27335441818758
0.0014406470785365342     0.0014682932356717853    0.005608                 4.279704610237926
0.0014319952349263845     0.0015306438191424483    0.005608                 12.38411073617794
0.0014233433913162347     0.0015929944026131112    0.005608                 20.03844350243179
0.001414691547706085      0.0016553449860837737    0.005608                 27.24270290900022
0.0014060397040959348     0.0017176955695544364    0.005608                 33.99688895588203
0.001380689165169277      0.001470666895654998     0.005608                 0.3004499728102701
0.0013720373215591272     0.0015330174791256608    0.005608                 4.737933107014385
0.0013633854779489774     0.0015953680625963235    0.005608                 8.725342881532413
0.0013547336343388277     0.0016577186460669862    0.005608                 12.262679296364468
0.0013207312518020197     0.0014730405556382105    0.005608                 -3.0203214856149483
0.00131207940819187       0.0015353911391088734    0.005608                 -2.2497613431463144
0.0013034275645817201     0.001597741722579536     0.005608                 -1.9292745603644335
0.0012607733384347626     0.001475414215621423     0.005608                 -5.682609765037391
0.0012521214948246128     0.0015377647990920857    0.005608                 -8.578972614305016
0.0012008154250675053     0.0014777878756046356    0.005608                 -7.686414865457266
0.00207785585493904       9.554426272156001E-4     0.005608                 -14.88468980654121
0.0020606993670322545     8.973157143624278E-4     0.005608                 -1.3615977697227635
0.0020184598066237923     9.458699516058216E-4     0.005608                 23.90832993052519
0.002001303318717006      8.877430387526494E-4     0.005608                 54.00293590890229
0.0019590637583085445     9.362972759960433E-4     0.005608                 56.89564025613304
0.0019419072704017582     8.78170363142871E-4      0.005608                 100.06925283008357
0.0018996677099932962     9.267246003862649E-4     0.005608                 84.07724117028026
0.0018825112220865103     8.685976875330926E-4     0.005608                 136.83735299381888
0.0018402716616780482     9.171519247764865E-4     0.005608                 105.45313267296896
0.001823115173771262      8.590250119233141E-4     0.005608                 164.30723640011055
0.0017808756133628001     9.07579249166708E-4      0.005608                 121.02331476419775
0.0017637191254560142     8.494523363135357E-4     0.005608                 182.47890304895805
0.0017214795650475523     8.980065735569295E-4     0.005608                 130.78778744396686
0.0017043230771407662     8.398796607037573E-4     0.005608                 191.45531143957965
0.0016620835167323043     8.884338979471512E-4     0.005608                 91.40938224994005
0.0020435428791254684     8.391888015092554E-4     0.005608                 21.878692685091764
0.00198414683081022       8.29616125899477E-4      0.005608                 59.679584883709026
0.0019247507824949723     8.200434502896985E-4     0.005608                 88.18226032488228
0.0018653547341797242     8.104707746799202E-4     0.005608                 107.38671900861073
0.0018059586858644762     8.008980990701418E-4     0.005608                 117.29296093489513
0.0017465626375492282     7.913254234603634E-4     0.005608                 117.95281104165932
0.0020263863912186823     7.810618886560832E-4     0.005608                 34.67800558984595
0.001966990342903434      7.714892130463048E-4     0.005608                 54.91525630845608
0.0019075942945881862     7.619165374365263E-4     0.005608                 65.85429026962136
0.0018481982462729381     7.523438618267479E-4     0.005608                 67.49510747334222
0.00178880219795769       7.427711862169695E-4     0.005608                 59.842382774177736
0.002009229903311896      7.229349758029109E-4     0.005608                 37.036340944541486
0.0019498338549966481     7.133623001931324E-4     0.005608                 39.709950183143405
0.0018904378066814        7.03789624583354E-4      0.005608                 33.08534266430156
0.0018310417583661523     6.942169489735756E-4     0.005608                 17.12402663713486
0.00199207341540511       6.648080629497385E-4     0.005608                 28.95369874917769
0.0019326773670898622     6.552353873399601E-4     0.005608                 14.063666507772037
0.001873281318774614      6.456627117301817E-4     0.005608                 -10.202257369468072
0.001974916927498324      6.066811500965662E-4     0.005608                 10.430079003753987
0.0019155208791830762     5.971084744867878E-4     0.005608                 -22.136469245632675
0.001957760439591538      5.485542372433939E-4     0.005608                 -18.678608991357784
0.001650474920750916      9.525290772330944E-4     0.005608                 -3.22790259713505
0.0016027397430862348     8.92680978185966E-4      0.005608                 11.9629950245981
0.0015911311471048465     9.567761574719094E-4     0.005608                 7.86927568846437
0.0016388663247695278     0.0010166242565190378    0.005608                 5.3425089423779575
0.0015795225511234584     0.0010208713367578527    0.005608                 11.353386123947768
0.0016272577287881394     0.0010807194358049812    0.005608                 15.819500340120006
0.0015679139551420702     0.0010849665160437962    0.005608                 15.683569140125487
0.0016156491328067513     0.0011448146150909244    0.005608                 28.2030715960882
0.001556305359160682      0.0011490616953297394    0.005608                 20.859824737000046
0.001604040536825363      0.0012089097943768677    0.005608                 42.493222710285735
0.0015446967631792938     0.0012131568746156828    0.005608                 26.88215291456987
0.0015924319408439748     0.0012730049736628113    0.005608                 58.68995368271011
0.0015330881671979054     0.0012772520539016262    0.005608                 33.75055367283437
0.0015808233448625867     0.0013371001529487545    0.005608                 76.79326451336371
0.0015433959694401657     8.96928058424781E-4      0.005608                 10.553847853530797
0.001531787373458777      9.610232377107242E-4     0.005608                 5.863014542839669
0.001520178777477389      0.0010251184169966677    0.005608                 8.376799623635526
0.0015085701814960008     0.0010892135962826109    0.005608                 11.736657285127185
0.0014969615855146127     0.0011533087755685543    0.005608                 15.942587527313925
0.0014853529895332246     0.0012174039548544975    0.005608                 20.99459035019631
0.0014840521957940962     9.01175138663596E-4      0.005608                 8.574910967535168
0.0014724435998127081     9.652703179495392E-4     0.005608                 4.955583608530295
0.0014608350038313198     0.0010293654972354826    0.005608                 6.499043334638893
0.0014492264078499316     0.0010934606765214258    0.005608                 8.888575641443365
0.0014376178118685433     0.0011575558558073692    0.005608                 12.124180528943286
0.0014247084221480268     9.054222189024108E-4     0.005608                 6.026184366612014
0.0014130998261666387     9.695173981883541E-4     0.005608                 5.146982885536259
0.0014014912301852506     0.0010336125774742973    0.005608                 5.720117256958307
0.0013898826342038622     0.0010977077567602407    0.005608                 7.139324209074866
0.0013653646485019574     9.096692991412256E-4     0.005608                 2.907668050761508
0.0013537560525205693     9.73764478427169E-4      0.005608                 6.437212373857843
0.0013421474565391812     0.0010378596577131122    0.005608                 6.040021390592521
0.0013060208748558882     9.139163793800406E-4     0.005608                 -0.7806379800167704
0.0012944122788745        9.78011558665984E-4      0.005608                 8.826272073495064
0.001246677101209819      9.181634596188554E-4     0.005608                 -5.038733725723091
0.0019012362366078108     0.0012086840128934578    0.005608                 -23.92742454521879
0.001855462966358493      0.0012270291757585001    0.005608                 -5.777954965760424
0.0018096896961091753     0.0012453743386235424    0.005608                 9.179958836666213
0.0017639164258598575     0.001263719501488585     0.005608                 25.41953468449744
0.0017181431556105397     0.0012820646643536273    0.005608                 42.94077257773264
0.0016723698853612222     0.0013004098272186696    0.005608                 61.74367251637383
0.0016265966151119042     0.0013187549900837122    0.005608                 81.8282345004188
0.0018670715623398814     0.001162933996472557     0.005608                 7.713660133631414
0.0018212982920905634     0.001181279159337599     0.005608                 17.40365037096141
0.0017755250218412458     0.0011996243222026416    0.005608                 26.494123318401726
0.001729751751591928      0.001217969485067684     0.005608                 36.866258311247215
0.0016839784813426103     0.0012363146479327262    0.005608                 48.52005534949642
0.0016382052110932926     0.0012546598107977688    0.005608                 61.45551443315132
0.0018329068880719515     0.0011171839800516558    0.005608                 29.04597062650116
0.001787133617822634      0.0011355291429166981    0.005608                 30.535799088066444
0.0017413603475733164     0.0011538743057817407    0.005608                 33.75883118052108
0.0016955870773239985     0.001172219468646783     0.005608                 38.263525318380445
0.001649813807074681      0.0011905646315118253    0.005608                 44.04988150164361
0.001798742213804022      0.001071433963630755     0.005608                 40.069506933390926
0.0017529689435547046     0.0010897791264957973    0.005608                 33.618491185555875
0.0017071956733053866     0.0011081242893608398    0.005608                 30.974082423024626
0.001661422403056069      0.0011264694522258821    0.005608                 29.611335705897616
0.0017645775395360927     0.001025683947209854     0.005608                 40.784269054299486
0.001718804269286775      0.0010440291100748964    0.005608                 26.651726663428995
0.0016730309990374572     0.001062374272939939     0.005608                 18.13987704591146
0.0017304128652681633     9.79933930788953E-4      0.005608                 31.190256989227812
0.0016846395950188453     9.982790936539955E-4     0.005608                 9.635505521685083
0.0016962481910002337     9.341839143680521E-4     0.005608                 11.287470738175394
0.0019264676106551294     0.0011725066720823353    0.005608                 -47.074101169017936
0.0018923029363871998     0.0011267566556614345    0.005608                 -13.05441474791941
0.0018581382621192701     0.0010810066392405334    0.005608                 10.397179920834457
0.0018239735878513407     0.0010352566228196325    0.005608                 23.280682837243262
0.0017898089135834113     9.895066063987316E-4     0.005608                 25.596094001307563
0.0017556442393154817     9.437565899778305E-4     0.005608                 17.343413413026838
0.0019516989847024476     0.0011363293312712127    0.005608                 -57.919543773299125
0.0019175343104345182     0.0010905793148503118    0.005608                 -24.11329409709498
0.0018833696361665888     0.0010448292984294107    0.005608                 -0.8751361732358589
0.0018492049618986594     9.990792820085098E-4     0.005608                 11.794929998278413
0.0018150402876307295     9.53329265587609E-4      0.005608                 13.896904417448148
0.001976930358749766      0.0011001519904600902    0.005608                 -60.93697018049896
0.0019427656844818368     0.001054401974039189     0.005608                 -27.344157249189806
0.0019086010102139072     0.0010086519576182882    0.005608                 -4.319436070224981
0.0018744363359459778     9.629019411973873E-4     0.005608                 8.13719335639481
0.002002161732797085      0.0010639746496489677    0.005608                 -56.12638039061761
0.0019679970585291555     0.0010182246332280666    0.005608                 -22.747004204202767
0.0019338323842612258     9.724746168071658E-4     0.005608                 0.06428022986719384
0.0020273931068444033     0.001027797308837845     0.005608                 -43.487774403655095
0.001993228432576474      9.820472924169442E-4     0.005608                 -10.321834962134687
0.0020526244808917217     9.916199680267226E-4     0.005608                 -23.021152219611253
0.0010625000000000003     5.0E-4                   0.005607999999999999     -1.3265160613763845E-13
0.0010859166659454688     5.528013174822088E-4     0.005608                 -9.300001913974603
0.0011250000000000001     5.0E-4                   0.005608                 -1.423308100152958E-13
0.0011484166659454687     5.528013174822087E-4     0.005608                 0.919978233738167
0.0011875000000000002     5.0E-4                   0.005607999999999999     -1.5089907931744653E-13
0.0012109166659454687     5.528013174822087E-4     0.005608                 11.139958381450757
0.00125                   5.0E-4                   0.005608                 -1.583564140440907E-13
0.0012734166659454688     5.528013174822087E-4     0.005608                 21.35993852916362
0.0013124999999999999     5.0E-4                   0.005608                 -1.647028141952282E-13
0.0013359166659454686     5.528013174822087E-4     0.005608                 31.579918676875984
0.001375                  4.999999999999999E-4     0.005607999999999999     -1.6993827977085917E-13
0.0013984166659454687     5.528013174822087E-4     0.005608                 41.799898824588624
0.0014375                 4.999999999999999E-4     0.005608                 -1.7406281077098348E-13
0.0014609166659454685     5.528013174822087E-4     0.005608                 5.306618845163452
0.0014999999999999998     4.999999999999999E-4     0.005608                 -22.38893922709703
0.0011093333318909376     6.056026349644176E-4     0.005608                 -9.82277389587134
0.0011718333318909376     6.056026349644176E-4     0.005608                 10.617186399553844
0.0012343333318909375     6.056026349644175E-4     0.005608                 31.05714669497926
0.0012968333318909373     6.056026349644175E-4     0.005608                 51.49710699040456
0.0013593333318909374     6.056026349644175E-4     0.005608                 71.93706728582994
0.0014218333318909374     6.056026349644174E-4     0.005608                 35.156300034644424
0.0011327499978364061     6.584039524466265E-4     0.005607999999999999     -1.5683159456909195
0.0011952499978364062     6.584039524466263E-4     0.005608                 29.09162449744722
0.0012577499978364062     6.584039524466263E-4     0.005607999999999999     59.75156494058547
0.001320249997836406      6.584039524466263E-4     0.005608                 90.41150538372341
0.001382749997836406      6.584039524466263E-4     0.005608                 55.9656347277952
0.0011561666637818749     7.112052699288352E-4     0.005608                 15.463371936567086
0.0012186666637818747     7.112052699288352E-4     0.005608                 56.34329252741786
0.0012811666637818748     7.11205269928835E-4      0.005608                 97.223213118269
0.0013436666637818748     7.11205269928835E-4      0.005608                 67.73462292461701
0.0011795833297273436     7.640065874110439E-4     0.005608                 41.27228975090325
0.0012420833297273435     7.640065874110439E-4     0.005608                 92.37219048946613
0.0013045833297273433     7.640065874110439E-4     0.005608                 70.46326462510966
0.0012029999956728122     8.168079048932528E-4     0.005608                 75.85843749731598
0.0012654999956728122     8.168079048932528E-4     0.005608                 64.15155982927264
0.001226416661618281      8.696092223754615E-4     0.005608                 48.79950853710632
0.0015624999999999999     4.999999999999999E-4     0.005608                 9.043395477638191E-15
0.001520260439591538      5.485542372433938E-4     0.005608                 -2.299215357359145
0.001582760439591538      5.485542372433938E-4     0.005608                 44.00918766492106
0.001625                  4.999999999999999E-4     0.005608                 8.849581154331086E-15
0.001645260439591538      5.485542372433939E-4     0.005608                 33.53720643893627
0.0016874999999999998     5.0E-4                   0.005608                 8.602648351953178E-15
0.001707760439591538      5.485542372433939E-4     0.005608                 23.06522521295168
0.0017499999999999998     5.0E-4                   0.005608                 8.302597070504468E-15
0.0017702604395915381     5.485542372433939E-4     0.005608                 12.59324398696715
0.0018124999999999999     5.0E-4                   0.005608                 7.949427309984962E-15
0.001832760439591538      5.485542372433939E-4     0.005608                 2.1212627609825137
0.001875                  5.0E-4                   0.005608                 7.543139070394653E-15
0.001895260439591538      5.485542372433939E-4     0.005608                 -8.350718465001991
0.0019375                 5.0E-4                   0.005608                 7.083732351733541E-15
0.001540520879183076      5.971084744867877E-4     0.005608                 26.58080638629658
0.0016030208791830759     5.971084744867878E-4     0.005608                 82.47046848623971
0.001665520879183076      5.971084744867878E-4     0.005608                 61.52650603427027
0.001728020879183076      5.971084744867878E-4     0.005608                 40.5825435823013
0.001790520879183076      5.971084744867878E-4     0.005608                 19.638581130331964
0.001853020879183076      5.971084744867878E-4     0.005608                 -1.3053813216373307
0.001560781318774614      6.456627117301817E-4     0.005608                 53.05665639032004
0.0016232813187746142     6.456627117301817E-4     0.005608                 115.38384246395646
0.0016857813187746143     6.456627117301817E-4     0.005608                 83.96789878600225
0.0017482813187746139     6.456627117301817E-4     0.005608                 52.55195510804876
0.001810781318774614      6.456627117301817E-4     0.005608                 21.13601143009465
0.001581041758366152      6.942169489735756E-4     0.005608                 77.12833465471147
0.001643541758366152      6.942169489735756E-4     0.005608                 142.7493095980704
0.0017060417583661521     6.942169489735756E-4     0.005608                 100.86138469413162
0.0017685417583661522     6.942169489735756E-4     0.005608                 58.97345979019348
0.00160130219795769       7.427711862169695E-4     0.005608                 98.79584117947225
0.00166380219795769       7.427711862169695E-4     0.005608                 164.56686988858212
0.00172630219795769       7.427711862169695E-4     0.005608                 112.20696375865924
0.001621562637549228      7.913254234603634E-4     0.005608                 118.05917596460134
0.001684062637549228      7.913254234603634E-4     0.005608                 180.83652333549236
0.0016418230771407662     8.398796607037572E-4     0.005608                 134.91833901009818
0.0015824793034946967     8.441267409425721E-4     0.005608                 7.890148765717946
0.0015231355298486275     8.48373821181387E-4      0.005608                 8.567348390759776
0.0014637917562025581     8.526209014202019E-4     0.005608                 7.006138374630339
0.0014044479825564887     8.568679816590169E-4     0.005608                 3.2065187173307663
0.0013451042089104195     8.611150618978317E-4     0.005608                 -2.8315105811402503
0.0012857604352643501     8.653621421366467E-4     0.005608                 -11.10794952078136
0.0015622188639031586     7.955725036991783E-4     0.005608                 -2.1748913197451643
0.0015028750902570894     7.998195839379931E-4     0.005608                 0.9618664815366458
0.00144353131661102       8.04066664176808E-4      0.005608                 1.8602146416466212
0.0013841875429649508     8.08313744415623E-4      0.005608                 0.5201531605864602
0.0013248437693188814     8.125608246544379E-4     0.005608                 -3.0583179616449385
0.001541958424311621      7.470182664557843E-4     0.005608                 -11.500368040869049
0.0014826146506655515     7.512653466945992E-4     0.005608                 -5.904052063347578
0.0014232708770194821     7.555124269334141E-4     0.005608                 -2.5461457269976933
0.0013639271033734127     7.59759507172229E-4      0.005608                 -1.4266490318186271
0.0015216979847200826     6.984640292123905E-4     0.005608                 -20.086281397653956
0.0014623542110740132     7.027111094512053E-4     0.005608                 -12.030407243893876
0.001403010437427944      7.069581896900202E-4     0.005608                 -6.2129427313041035
0.0015014375451285447     6.499097919689965E-4     0.005608                 -27.93263139009902
0.0014420937714824753     6.541568722078114E-4     0.005608                 -17.417199060099172
0.0014811771055370066     6.013555547256026E-4     0.005608                 -35.03941801820591
7.73399218687599E-4       7.596707952984669E-4     0.005608                 -133.23169089668392
7.343421874465134E-4      7.809083007320192E-4     0.005608                 -109.31841791842862
6.952851562054278E-4      8.021458061655718E-4     0.005608                 -62.58260992010608
6.562281249643423E-4      8.233833115991239E-4     0.005608                 -27.25323059321726
6.171710937232567E-4      8.446208170326762E-4     0.005608                 -3.330279937762265
5.781140624821711E-4      8.658583224662288E-4     0.005608                 9.186242046258966
5.390570312410855E-4      8.870958278997809E-4     0.005608                 10.296335358846388
4.999999999999999E-4      9.083333333333333E-4     0.005607999999999999     1.0069227748850138E-15
7.343421874465134E-4      7.225749673986859E-4     0.005608                 -171.8483632602315
6.952851562054278E-4      7.438124728322384E-4     0.005608                 -141.99067122914101
6.562281249643423E-4      7.650499782657906E-4     0.005608                 -90.77967964044521
6.171710937232566E-4      7.862874836993429E-4     0.005608                 -50.975116723183206
5.781140624821711E-4      8.075249891328953E-4     0.005608                 -22.57698247735499
5.390570312410856E-4      8.287624945664477E-4     0.005608                 -5.585276902960604
4.999999999999999E-4      8.5E-4                   0.005608                 1.0948027571727145E-15
6.952851562054278E-4      6.85479139498905E-4      0.005608                 -191.2484452694212
6.562281249643423E-4      7.067166449324573E-4     0.005608                 -154.30612868767315
6.171710937232567E-4      7.279541503660096E-4     0.005607999999999999     -98.61995350860415
5.781140624821711E-4      7.49191655799562E-4      0.005608                 -54.34020700096896
5.390570312410856E-4      7.704291612331143E-4     0.005607999999999999     -21.466889164767572
5.0E-4                    7.916666666666666E-4     0.005607999999999999     1.1781525643184888E-15
6.562281249643423E-4      6.48383311599124E-4      0.005608                 -191.43193692425285
6.171710937232567E-4      6.696208170326763E-4     0.005608                 -146.26479029402512
5.781140624821711E-4      6.908583224662287E-4     0.005608                 -86.10343152458296
5.390570312410856E-4      7.12095827899781E-4      0.005608                 -37.34850142657458
5.0E-4                    7.333333333333333E-4     0.005608                 1.256972196322291E-15
6.171710937232567E-4      6.11287483699343E-4      0.005608                 -172.39883822472652
5.781140624821711E-4      6.325249891328954E-4     0.005608                 -117.86665604819692
5.390570312410856E-4      6.537624945664477E-4     0.005608                 -53.23011368838156
5.0E-4                    6.75E-4                  0.005608                 1.3312616531841274E-15
5.781140624821711E-4      5.741916557995619E-4     0.005608                 -134.14914917084232
5.390570312410856E-4      5.954291612331143E-4     0.005608                 -69.11172595018856
5.0E-4                    6.166666666666666E-4     0.005607999999999999     1.4010209349040136E-15
5.390570312410856E-4      5.37095827899781E-4      0.005608                 -76.68286976260009
5.0E-4                    5.583333333333333E-4     0.005608                 1.4662500414819325E-15
5.0E-4                    5.0E-4                   0.005608                 7.634744864589475E-16
7.968421874465134E-4      7.22574967398686E-4      0.005608                 -54.63743492619342
7.577851562054279E-4      6.85479139498905E-4      0.005608                 -90.72215791316728
7.187281249643422E-4      6.483833115991241E-4     0.005608                 -108.73049604360526
6.796710937232567E-4      6.11287483699343E-4      0.005608                 -108.66244931750752
6.406140624821711E-4      5.741916557995619E-4     0.005608                 -90.51801773487398
6.015570312410856E-4      5.370958278997811E-4     0.005608                 -54.29720129570484
5.625000000000001E-4      5.0E-4                   0.005608                 0
8.20285156205428E-4       6.854791394989051E-4     0.005608                 -20.346157825668033
7.812281249643424E-4      6.48383311599124E-4      0.005607999999999999     -52.4296959736057
7.421710937232568E-4      6.11287483699343E-4      0.005607999999999999     -66.43684926500802
7.031140624821713E-4      5.741916557995619E-4     0.005607999999999999     -62.367617699874344
6.640570312410857E-4      5.37095827899781E-4      0.005608                 -40.222001278205
6.250000000000001E-4      5.0E-4                   0.005607999999999999     0
8.437281249643424E-4      6.48383311599124E-4      0.005608                 3.8711040963935694
8.046710937232569E-4      6.11287483699343E-4      0.005608                 -24.211249212508367
7.656140624821713E-4      5.741916557995619E-4     0.005608                 -34.21721766487468
7.265570312410857E-4      5.370958278997811E-4     0.005608                 -26.146801260705182
6.875000000000002E-4      5.0E-4                   0.005608                 0
8.671710937232568E-4      6.11287483699343E-4      0.005608                 18.014350839991152
8.281140624821713E-4      5.741916557995619E-4     0.005608                 -6.066817629874917
7.890570312410857E-4      5.37095827899781E-4      0.005608                 -12.071601243205295
7.500000000000001E-4      5.0E-4                   0.005608                 0
8.906140624821712E-4      5.741916557995619E-4     0.005607999999999999     22.083582405124837
8.515570312410856E-4      5.37095827899781E-4      0.005607999999999999     2.0035987742944963
8.125000000000001E-4      5.0E-4                   0.005607999999999999     0
9.140570312410858E-4      5.37095827899781E-4      0.005608                 16.078798791794362
8.750000000000002E-4      5.0E-4                   0.005608                 0
9.375000000000002E-4      5.0E-4                   0.005607999999999999     0
