% Model:              stripline_filter_simple_decomp_new_mesh.mph
% Version:            COMSOL 6.1.0.252
% Date:               May 4 2023, 12:46
% Dimension:          3
% Nodes:              953
% Expressions:        1
% Description:        Surface
% X                       Y                        Z                        imag(emw.Ey)
0.0025                    0.0019                   0.005608                 3.2833413334358266E-13
0.0024375000000000004     0.0019                   0.005608                 -1100.9534821495597
0.0025                    0.0018416666666666666    0.005608                 3.7729025690874116E-13
0.0024375                 0.0018416666666666668    0.005608                 -1100.3182281057943
0.002375                  0.0019000000000000002    0.005608                 -2174.8066612913485
0.002375                  0.0018416666666666666    0.005608000000000001     -2173.5361532038173
0.0023125000000000003     0.0019                   0.005608000000000001     -3221.5595374253658
0.0023125                 0.0018416666666666666    0.005608000000000001     -3219.6537752940685
0.0022500000000000003     0.0019000000000000002    0.005608000000000001     -4241.212110551613
0.0022500000000000003     0.0018416666666666668    0.005608000000000001     -4238.67109437655
0.0021875                 0.0019000000000000002    0.005608000000000001     -5233.764380670087
0.0021875                 0.0018416666666666668    0.005608000000000002     -5230.588110451258
0.0021250000000000006     0.0019                   0.005608000000000002     -6199.21634778079
0.0021250000000000006     0.0018416666666666668    0.005608000000000002     -6195.404823518196
0.0020625000000000005     0.0019000000000000002    0.005608000000000002     -7137.568011883723
0.0020625000000000005     0.0018416666666666668    0.005608000000000002     -7091.208804145317
0.0020000000000000005     0.0019000000000000002    0.005608000000000002     -7988.939766447735
0.0025                    0.0017833333333333334    0.005608                 3.8574003007723293E-13
0.0024375                 0.0017833333333333334    0.005608000000000001     -1099.6829740620287
0.0023750000000000004     0.0017833333333333334    0.005608000000000001     -2172.265645116286
0.0023125000000000003     0.0017833333333333334    0.005608000000000001     -3217.7480131627726
0.0022500000000000003     0.0017833333333333334    0.005608000000000002     -4236.130078201487
0.0021875                 0.0017833333333333336    0.005608000000000002     -5227.411840232431
0.0021250000000000006     0.0017833333333333334    0.005608000000000002     -6186.855743057102
0.0025                    0.001725                 0.005608                 4.012589825270516E-13
0.0024375                 0.001725                 0.005608                 -1099.047720018263
0.002375                  0.0017250000000000004    0.005608                 -2170.9951370287554
0.0023125000000000003     0.001725                 0.005608000000000001     -3215.842251031476
0.0022500000000000003     0.0017250000000000004    0.005608000000000002     -4233.589062026425
0.0021875                 0.0017250000000000004    0.005608000000000002     -5251.73025616252
0.0025                    0.0016666666666666668    0.005608                 3.573851708000086E-13
0.0024375                 0.001666666666666667     0.005608                 -1098.4124659744978
0.0023750000000000004     0.001666666666666667     0.005608000000000001     -2169.7246289412233
0.0023125000000000003     0.0016666666666666668    0.005608000000000002     -3213.936488900178
0.0022500000000000003     0.001666666666666667     0.005608000000000002     -4285.832343461571
0.0025                    0.0016083333333333336    0.005608                 3.652761146009176E-13
0.0024375000000000004     0.0016083333333333336    0.005608000000000001     -1097.7772119307315
0.0023750000000000004     0.0016083333333333336    0.005608000000000002     -2168.454120853693
0.0023125000000000003     0.0016083333333333336    0.005608000000000002     -3289.1620049542585
0.0025                    0.0015500000000000002    0.005608                 5.083983388896149E-13
0.0024375                 0.0015500000000000002    0.005608000000000001     -1097.1419578869663
0.002375                  0.0015500000000000002    0.005608000000000001     -2261.7192406405793
0.0025                    0.001491666666666667     0.005608000000000001     2.8454476688318174E-13
0.0024375000000000004     0.001491666666666667     0.005608000000000001     -1203.5040505205332
0.0025                    0.0014333333333333336    0.005608000000000001     -65.98140401872723
0.0019354009108757402     0.0012544340293143587    0.005608                 -8715.646478442372
0.0020059757970162725     0.0012767964423167305    0.005608                 -7759.442364999291
0.0019434757970162727     0.001335129775650064     0.005608                 -8518.049240483017
0.0020140506831568053     0.0013574921886524358    0.005608                 -7622.901152680459
0.0020765506831568054     0.0012991588553191023    0.005608                 -6801.416221304778
0.0020846255692973377     0.0013798546016548076    0.005608000000000001     -6688.172502136642
0.0021471255692973373     0.0013215212683214744    0.005608                 -5799.51881327216
0.00215520045543787       0.0014022170146571796    0.005608                 -5706.508661444845
0.00221770045543787       0.001343883681323846     0.005608                 -4753.750140901433
0.002225775341578403      0.0014245794276595513    0.005608                 -4677.909630605069
0.002288275341578403      0.001366246094326218     0.005608                 -3664.1102041925983
0.0022963502277189352     0.0014469418406619233    0.005608000000000001     -3602.3754096173134
0.002358850227718935      0.0013886085073285899    0.005608                 -2530.5990031456577
0.0023669251138594676     0.0014693042536642951    0.005608000000000001     -2479.9059984815794
0.0024294251138594677     0.0014109709203309617    0.005608000000000001     -1353.2165377606093
0.0019515506831568052     0.0014158255219857692    0.005608                 -8425.30125956352
0.0020221255692973376     0.0014381879349881408    0.005608000000000001     -7529.189880811309
0.00209270045543787       0.0014605503479905128    0.005608000000000001     -6588.473258648005
0.002163275341578403      0.0014829127609928849    0.005608                 -5600.821446336722
0.002233850227718935      0.0015052751739952565    0.005608000000000001     -4566.234443877458
0.0023044251138594676     0.0015276375869976285    0.005608000000000001     -3484.712251270217
0.001959625569297338      0.0014965212683214742    0.005608000000000001     -8331.68535780389
0.0020302004554378704     0.001518883681323846     0.005608000000000001     -7434.722799158675
0.0021007753415784028     0.0015412460943262179    0.005608000000000001     -6488.018205375884
0.002171350227718935      0.00156360850732859      0.005608000000000001     -5494.378421445112
0.0022419251138594675     0.0015859709203309615    0.005608000000000001     -4453.803447366363
0.0019677004554378703     0.0015772170146571794    0.005608000000000001     -8237.201535204122
0.0020382753415784027     0.0015995794276595513    0.005608000000000001     -7339.499907722552
0.0021088502277189355     0.0016219418406619231    0.005608000000000001     -6386.807342320273
0.0021794251138594675     0.001644304253664295     0.005608000000000001     -5387.179586770018
0.0019757753415784026     0.0016579127609928847    0.005608000000000001     -8141.849791764218
0.0020463502277189355     0.0016802751739952565    0.005608000000000002     -7243.521206502945
0.002116925113859468      0.0017026375869976284    0.005608000000000002     -6284.84066948118
0.0019838502277189354     0.0017386085073285897    0.005608000000000002     -8045.6301274841735
0.002054425113859468      0.0017609709203309616    0.005608000000000002     -7146.78669549985
0.001991925113859468      0.001819304253664295     0.005608000000000002     -7948.542542363997
0.0025                    9.666666666666667E-4     0.005608                 3.600859391016967E-14
0.0025                    0.001025                 0.005608                 4.571690882567315E-14
0.002454656487906786      9.664602461865056E-4     0.005608                 -787.0895937527296
0.0024546564879067857     0.001024793579519839     0.005608                 -789.9423567961039
0.0025                    0.0010833333333333333    0.005608                 2.007252561086458E-14
0.002454656487906786      0.0010831269128531724    0.005608000000000001     -789.9262836718556
0.0025                    0.0011416666666666667    0.005608                 -4.915961824086493E-15
0.002454656487906786      0.0011414602461865058    0.005608                 -789.9102105476071
0.0025                    0.0012000000000000001    0.005608                 -2.9248553479179335E-14
0.002454656487906786      0.001199793579519839     0.005608                 -789.8941374233583
0.0025                    0.0012583333333333335    0.005608                 -5.292524935441622E-14
0.002454656487906786      0.0012581269128531724    0.005608000000000001     -789.8780642991098
0.0025                    0.001316666666666667     0.005608                 -7.594604944979326E-14
0.0024546564879067857     0.0013164602461865058    0.005608000000000001     -789.8619911748614
0.0025                    0.0013750000000000001    0.005608000000000001     -9.831095376531442E-14
0.002454656487906786      0.0013747935795198393    0.005608000000000001     -816.2066495080802
0.002409312975813572      9.662538257063446E-4     0.005608                 -1566.4316295249146
0.002409312975813572      0.001024587159039678     0.005608                 -1571.700854138645
0.002409312975813572      0.0010829204923730113    0.005608                 -1571.6687078901473
0.002409312975813572      0.0011412538257063447    0.005608                 -1571.6365616416501
0.002409312975813572      0.001199587159039678     0.005608                 -1571.6044153931534
0.002409312975813572      0.0012579204923730113    0.005608                 -1571.5722691446563
0.002409312975813572      0.0013162538257063447    0.005608                 -1603.0813035578908
0.002363969463720358      9.660474052261836E-4     0.005608                 -2338.026107316555
0.002363969463720358      0.001024380738559517     0.005608                 -2345.275492027621
0.002363969463720358      0.0010827140718928502    0.005608                 -2345.2272726548767
0.002363969463720358      0.0011410474052261836    0.005608                 -2345.1790532821306
0.002363969463720358      0.001199380738559517     0.005608                 -2345.130833909385
0.002363969463720358      0.0012577140718928502    0.005608                 -2378.0703355927653
0.002318625951627144      9.658409847460225E-4     0.005608                 -3101.8730271276518
0.002318625951627144      0.001024174318079356     0.005608                 -3110.6662704630353
0.002318625951627144      0.0010825076514126893    0.005608                 -3110.601977966041
0.002318625951627144      0.0011408409847460227    0.005608                 -3110.5376854690467
0.002318625951627144      0.001199174318079356     0.005608                 -3141.173745612703
0.0022732824395339303     9.656345642658615E-4     0.005608                 -3857.9723889582033
0.0022732824395339303     0.0010239678975991948    0.005608                 -3867.8731894448856
0.0022732824395339303     0.0010823012309325282    0.005608                 -3867.7928238236423
0.0022732824395339303     0.0011406345642658616    0.005608                 -3892.391533617705
0.0022279389274407163     9.654281437857005E-4     0.005608                 -4606.324192808211
0.0022279389274407163     0.0010237614771190337    0.005608                 -4616.896248973171
0.0022279389274407163     0.0010820948104523671    0.005608                 -4631.723699607771
0.0021825954153475023     9.652217233055395E-4     0.005608                 -5346.9284386776735
0.0021825954153475023     0.0010235550566388728    0.005608                 -5359.170243582898
0.0021372519032542884     9.650153028253784E-4     0.005608                 -6078.611377551497
0.0019606322849230586     0.0012182566885032362    0.005608                 -8446.394478090348
0.0020312071710635914     0.001240619101505608     0.005608                 -7471.803441961194
0.0019858636589703774     0.0011820793476921135    0.005608                 -8130.907242472594
0.0020564385451109094     0.0012044417606944854    0.005608                 -7134.681132298703
0.0020110950330176954     0.001145902006880991     0.005608                 -7808.05339511304
0.0020816699191582282     0.001168264419883363     0.005608                 -6791.661186244992
0.0020363264070650143     0.0011097246660698686    0.005608                 -7477.832936011688
0.0021069012932055466     0.0011320870790722404    0.005608                 -6442.743603800055
0.002061557781112333      0.001073547325258746     0.005608                 -7140.245865168534
0.002132132667252865      0.001095909738261118     0.005608                 -6087.928384963894
0.002086789155159651      0.0010373699844476235    0.005608                 -6795.29218258358
0.0021573640413001835     0.0010597323974499953    0.005608                 -5727.215529736508
0.00211202052920697       0.001001192643636501     0.005608                 -6442.971888256828
0.0021017820572041238     0.0012629815145079799    0.005608000000000001     -6468.949111449174
0.002127013431251442      0.0012268041736968574    0.005608                 -6116.28407973936
0.0021522448052987606     0.0011906268328857347    0.005608                 -5757.72141163832
0.0021774761793460795     0.0011544494920746123    0.005608                 -5393.261107146056
0.002202707553393398      0.0011182721512634898    0.005608000000000001     -5022.903166262569
0.002172356943344656      0.0012853439275103517    0.005608                 -5425.287442408919
0.0021975883173919746     0.0012491665866992293    0.005608                 -5057.079688651778
0.002222819691439293      0.0012129892458881066    0.005608                 -4682.974298503412
0.002248051065486612      0.0011768119050769841    0.005608                 -4302.971271963823
0.002242931829485189      0.0013077063405127235    0.005608                 -4340.81843484043
0.002268163203532507      0.001271528999701601     0.005608                 -3957.067959035961
0.002293394577579826      0.0012353516588904786    0.005608                 -3567.41984684027
0.002313506715625721      0.0013300687535150954    0.005608                 -3215.542088743704
0.0023387380896730398     0.001293891412703973     0.005608                 -2816.248890891909
0.0023840816017662537     0.0013524311665174674    0.005608                 -2049.458404118744
0.0018896276406264224     0.001272779192179401     0.005608                 -9169.564636068539
0.001897702526766955      0.0013534749385151063    0.005608                 -8998.092058010163
0.0019057774129074875     0.0014341706848508115    0.005608000000000001     -8906.082470109533
0.00191385229904802       0.0015148664311865165    0.005608000000000001     -8813.092850312118
0.0019219271851885526     0.0015955621775222218    0.005608000000000001     -8719.123198617917
0.0019300020713290849     0.001676257923857927     0.005608000000000002     -8624.17351502693
0.0019380769574696176     0.001756953670193632     0.005608000000000002     -8528.243799539157
0.0019461518436101502     0.0018376494165293373    0.005608000000000002     -8580.883962714626
0.0018438543703771049     0.0012911243550444433    0.005608                 -9568.806040371712
0.0018519292565176372     0.0013718201013801488    0.005608                 -9436.934520996558
0.00186000414265817       0.0014525158477158538    0.005608                 -9350.688006784629
0.0018680790287987025     0.0015332115940515588    0.005608                 -9263.461460675917
0.001876153914939235      0.0016139073403872643    0.005608000000000002     -9175.254882670415
0.0018842288010797674     0.0016946030867229693    0.005608000000000002     -9086.068272768127
0.0018923036872203        0.0017752988330586744    0.005608000000000002     -9101.588876924765
0.001798081100127787      0.0013094695179094859    0.005608                 -9933.494255277918
0.0018061559862683194     0.0013901652642451911    0.005608                 -9841.931256848926
0.0018142308724088522     0.0014708610105808964    0.005608                 -9761.447816325697
0.0018223057585493845     0.0015515567569166014    0.005608                 -9679.984343905682
0.001830380644689917      0.0016322525032523066    0.005608000000000001     -9597.540839588884
0.0018384555308304496     0.0017129482495880119    0.005608000000000001     -9575.204836098723
0.0017523078298784692     0.0013278146807745282    0.005608                 -10263.629280787158
0.001760382716019002      0.0014085104271102334    0.005608                 -10213.082265567262
0.0017684576021595342     0.0014892061734459385    0.005608                 -10138.361898732734
0.001776532488300067      0.0015699019197816437    0.005608000000000001     -10062.66150000142
0.0017846073744405993     0.001650597666117349     0.005608000000000001     -10001.731840236494
0.0017065345596291516     0.0013461598436395705    0.005608                 -10559.21111689943
0.0017146094457696842     0.0014268555899752758    0.005608                 -10550.387547151571
0.0017226843319102167     0.001507551336310981     0.005608000000000001     -10481.430254005743
0.0017307592180507492     0.001588247082646686     0.005608000000000001     -10381.169889338085
0.0016607612893798336     0.001364505006504613     0.005608                 -10820.239763614738
0.0016688361755203664     0.0014452007528403183    0.005608                 -10853.847101601848
0.0016769110616608987     0.0015258964991760235    0.005608                 -10713.518983403492
0.0016149880191305161     0.0013828501693696554    0.005608                 -11046.715220933074
0.0016230629052710486     0.0014635459157053606    0.005608                 -10998.779122432716
0.0015692147488811984     0.0014011953322346977    0.005608                 -11171.821232948154
8.124562499286845E-4      7.96766623198248E-4      0.005608                 -5290.226098393514
8.358992186875989E-4      7.596707952984669E-4     0.005608                 -5653.860516995535
8.593158846330676E-4      8.124721127806757E-4     0.005608                 -5974.376378009766
8.827588533919821E-4      7.753762848808947E-4     0.005608                 -6333.193164166127
8.593421874465135E-4      7.225749673986859E-4     0.005607999999999999     -5992.065545498252
9.062018221508965E-4      7.382804569811138E-4     0.005608                 -6657.582538872979
8.82785156205428E-4       6.85479139498905E-4      0.005608                 -6324.189911839698
9.29644790909811E-4       7.011846290813328E-4     0.005608                 -6975.059543517718
9.062281249643424E-4      6.48383311599124E-4      0.005608                 -6650.233616019874
9.530877596687255E-4      6.640888011815517E-4     0.005608                 -7285.624178100343
9.296710937232568E-4      6.11287483699343E-4      0.005607999999999999     -6970.19665803878
9.7653072842764E-4        6.269929732817708E-4     0.005608                 -7589.276442620854
9.531140624821714E-4      5.741916557995619E-4     0.005608                 -7284.0790378964175
9.999736971865545E-4      5.898971453819898E-4     0.005608                 -7886.016337079249
9.765570312410857E-4      5.37095827899781E-4      0.005607999999999999     -7591.880755592785
0.001023416665945469      5.528013174822088E-4     0.005607999999999999     -8190.532271879001
0.0010000000000000002     5.0E-4                   0.005607999999999999     -7905.681612522338
9.061755193374508E-4      8.281776023631034E-4     0.005608                 -6619.677859897261
9.296184880963653E-4      7.910817744633226E-4     0.005608                 -6952.98103747865
9.530614568552797E-4      7.539859465635415E-4     0.005608                 -7263.350980011572
9.765044256141942E-4      7.168901186637605E-4     0.005608                 -7566.808552482381
9.999473943731086E-4      6.797942907639796E-4     0.005608                 -7863.353754891074
0.001023390363132023      6.426984628641985E-4     0.005608                 -8152.986587237654
0.0010468333318909375     6.056026349644176E-4     0.005608                 -8453.947122879614
9.530351540418341E-4      8.438830919455314E-4     0.005608                 -7236.849863623369
9.764781228007483E-4      8.067872640457503E-4     0.005608                 -7544.341107931326
9.999210915596628E-4      7.696914361459694E-4     0.005607999999999999     -7840.691618290317
0.0010233640603185773     7.325956082461884E-4     0.005608                 -8130.129758587194
0.0010468070290774918     6.954997803464074E-4     0.005607999999999999     -8412.655528821957
0.0010702499978364063     6.584039524466265E-4     0.005607999999999999     -8709.504843084884
9.99894788746217E-4       8.595885815279591E-4     0.005608                 -7825.8923891880895
0.0010233377575051316     8.224927536281781E-4     0.005608                 -8107.273375524157
0.001046780726264046      7.853969257283972E-4     0.005608                 -8389.604453709217
0.0010702236950229605     7.483010978286161E-4     0.005608                 -8665.023161832163
0.001093666663781875      7.112052699288352E-4     0.005608                 -8957.205432494815
0.0010467544234506        8.752940711103869E-4     0.005608                 -8386.805436591421
0.0010701973922095146     8.381982432106059E-4     0.005608                 -8641.777840257138
0.001093640360968429      8.011024153108249E-4     0.005608                 -8910.089486268269
0.0011170833297273436     7.640065874110439E-4     0.005608                 -9197.048891109403
0.0010936140581549833     8.909995606928148E-4     0.005608                 -8919.589005833364
0.0011170570269138978     8.539037327930338E-4     0.005608                 -9147.854502130274
0.0011404999956728123     8.168079048932528E-4     0.005607999999999999     -9429.035218928653
0.0011404736928593666     9.067050502752426E-4     0.005608                 -9424.24309691392
0.001163916661618281      8.696092223754615E-4     0.005608                 -9653.164415952559
0.0011873333275637496     9.224105398576703E-4     0.005608                 -9911.79637117386
0.0010895514419431407     0.0014201846121003978    0.005608                 -8994.243116618889
0.0011017741776457167     0.001357962853070057     0.005608                 -9047.58753220944
0.0011495093553103978     0.0014178109521171853    0.005608                 -9561.851166885514
0.001161732091012974      0.0013555891930868444    0.005608                 -9549.78862221078
0.001113996913348293      0.001295741094039716     0.005608                 -9163.01368568093
0.00117395482671555       0.0012933674340565033    0.005608                 -9659.951192568953
0.0011262196490508692     0.001233519335009375     0.005608                 -9276.102015563763
0.0011861775624181262     0.0012311456750261625    0.005608                 -9767.600594938656
0.0011384423847534452     0.001171297575979034     0.005608                 -9386.85252185794
0.0011984002981207022     0.0011689239159958216    0.005608                 -9872.736829319892
0.0011506651204560212     0.001109075816948693     0.005608                 -9495.265204563464
0.0012106230338232782     0.0011067021569654805    0.005608                 -9975.359895712656
0.0011628878561585974     0.0010468540579183522    0.005608                 -9601.340063680334
0.0012228457695258545     0.0010444803979351397    0.005608                 -10075.469794116949
0.0011751105918611736     9.846322988880112E-4     0.005608                 -9705.077099208549
0.0012350685052284307     9.822586389047988E-4     0.005608                 -10290.706061764084
0.001209467268677655      0.0014154372921339727    0.005608                 -9979.832228026642
0.0012216900043802313     0.001353215533103632     0.005608                 -9995.370908724573
0.0012339127400828073     0.001290993774073291     0.005608                 -10093.068161856674
0.0012461354757853835     0.00122877201504295      0.005608                 -10188.252247000306
0.0012583582114879595     0.001166550256012609     0.005608                 -10280.923164155469
0.0012705809471905357     0.0011043284969822682    0.005608                 -10371.08091332216
0.0012828036828931117     0.001042106737951927     0.005608                 -10546.658295046629
0.0012694251820449124     0.0014130636321507603    0.005608                 -10335.331655147158
0.0012816479177474884     0.0013508418731204195    0.005608                 -10379.132683184436
0.0012938706534500646     0.0012886201140900784    0.005608                 -10464.364619090467
0.0013060933891526406     0.0012263983550597375    0.005608                 -10547.083387008028
0.0013183161248552168     0.0011641765960293967    0.005608                 -10627.288986937121
0.0013305388605577928     0.0011019548369990556    0.005608                 -10762.58510649483
0.0013293830954121694     0.0014106899721675478    0.005608                 -10628.349448247067
0.0013416058311147457     0.001348468213137207     0.005608                 -10701.073945590375
0.0013538285668173219     0.0012862464541068658    0.005608                 -10773.840564270333
0.0013660513025198979     0.001224024695076525     0.005608                 -10844.094014961824
0.0013782740382224739     0.0011618029360461841    0.005608                 -10938.486496108682
0.0013893410087794267     0.0014083163121843352    0.005608                 -10858.885607326363
0.001401563744482003      0.0013460945531539943    0.005608                 -10961.194695942384
0.001413786480184579      0.0012838727941236533    0.005608                 -11021.495997396272
0.0014260092158871552     0.0012216510350933124    0.005608                 -11074.36246388819
0.001449298922146684      0.0014059426522011228    0.005608                 -11026.94013238505
0.00146152165784926       0.0013437208931707818    0.005608                 -11159.494934240467
0.001473744393551836      0.001281499134140441     0.005608                 -11170.213009833355
0.0015092568355139413     0.0014035689922179103    0.005608                 -11132.51302342313
0.0015214795712165173     0.0013413472331875694    0.005608                 -11226.038133944172
8.328618602814163E-4      0.001072378110178123     0.005608                 -5616.810533244107
8.303111589873249E-4      0.0010379266743056387    0.005608                 -5523.853881035682
8.771707936917079E-4      0.0010536321638880664    0.005608                 -6245.6697424124395
8.746200923976165E-4      0.001019180728015582     0.005608                 -6165.647552547334
8.277604576932333E-4      0.0010034752384331543    0.005608                 -5487.44810301781
8.720693911035251E-4      9.847292921430979E-4     0.005608                 -6129.370234606513
8.252097563991418E-4      9.690238025606699E-4     0.005608                 -5450.98356533968
8.695186898094334E-4      9.502778562706132E-4     0.005608                 -6093.01809611369
8.226590551050504E-4      9.345723666881855E-4     0.005608                 -5414.46026800129
8.66967988515342E-4       9.158264203981289E-4     0.005608                 -6056.591137068865
8.20108353810959E-4       9.001209308157011E-4     0.005608                 -5377.878211002642
8.644172872212506E-4      8.813749845256446E-4     0.005608                 -6020.089357472036
8.175576525168675E-4      8.656694949432167E-4     0.005608                 -5341.237394343736
8.618665859271592E-4      8.469235486531601E-4     0.005608                 -5983.512757323204
8.15006951222776E-4       8.312180590707324E-4     0.005608                 -5304.537818024571
9.214797271019996E-4      0.0010348862175980098    0.005608                 -6839.822653983545
9.189290258079082E-4      0.0010004347817255256    0.005608                 -6778.942201291195
9.163783245138167E-4      9.65983345853041E-4      0.005608                 -6744.034801119144
9.138276232197252E-4      9.315319099805566E-4     0.005608                 -6709.052580395089
9.112769219256337E-4      8.970804741080722E-4     0.005608                 -6673.995539119031
9.087262206315423E-4      8.62629038235588E-4      0.005608                 -6638.86367729097
9.657886605122913E-4      0.0010161402713079533    0.005608                 -7408.152817659928
9.632379592181999E-4      9.81688835435469E-4      0.005608                 -7367.220352661667
9.606872579241083E-4      9.472373995629846E-4     0.005608                 -7333.6828702583825
9.581365566300169E-4      9.127859636905002E-4     0.005608                 -7300.070567303097
9.555858553359255E-4      8.783345278180158E-4     0.005608                 -7266.38344379581
0.001010097593922583      9.973943250178967E-4     0.005608                 -7950.660233441584
0.0010075468926284915     9.629428891454123E-4     0.005608                 -7930.482006658748
0.0010049961913344        9.284914532729279E-4     0.005608                 -7898.314442024233
0.0010024454900403085     8.940400174004435E-4     0.005608                 -7866.072056837716
0.0010544065273328746     9.7864837872784E-4       0.005608                 -8467.344901328517
0.0010518558260387831     9.441969428553557E-4     0.005608                 -8468.727163282441
0.0010493051247446915     9.097455069828713E-4     0.005608                 -8437.929516416694
0.0010987154607431664     9.599024324377836E-4     0.005608                 -8958.206821320722
0.0010961647594490748     9.254509965652992E-4     0.005608                 -8981.955822532742
0.001143024394153458      9.41156486147727E-4      0.005608                 -9423.245993418204
8.649480579891319E-4      0.0011158539229184075    0.005608                 -6120.387793047565
9.092569913994235E-4      0.0010971079766283506    0.005608                 -6725.066179206291
9.535659248097151E-4      0.0010783620303382942    0.005608                 -7282.410740227992
9.97874858220007E-4       0.0010596160840482378    0.005608                 -7813.126302833639
0.0010421837916302986     0.001040870137758181     0.005608                 -8317.212867023223
0.0010864927250405902     0.0010221241914681245    0.005608                 -8794.670432796745
0.001130801658450882      0.001003378245178068     0.005608                 -9245.49900015421
8.970342556968474E-4      0.0011593297356586917    0.005608                 -6564.251089917625
9.41343189107139E-4       0.0011405837893686353    0.005608                 -7147.036380460242
9.856521225174307E-4      0.0011218378430785786    0.005608                 -7685.344410336531
0.0010299610559277223     0.001103091896788522     0.005608                 -8197.023441796759
0.001074269989338014      0.0010843459504984653    0.005608                 -8682.073474840927
0.0011185789227483056     0.0010656000042084087    0.005608                 -9140.494509469034
9.291204534045629E-4      0.0012028055483989761    0.005608                 -6996.14516796918
9.734293868148545E-4      0.0011840596021089195    0.005608                 -7555.400038650581
0.0010177383202251463     0.0011653136558188628    0.005608                 -8074.671537381455
0.001062047253635438      0.0011465677095288064    0.005608                 -8567.314037696266
0.0011063561870457296     0.0011278217632387498    0.005608                 -9033.327539595019
9.612066511122785E-4      0.0012462813611392605    0.005608                 -7416.07002720223
0.0010055155845225701     0.0012275354148492037    0.005608                 -7950.157153777309
0.001049824517932862      0.0012087894685591473    0.005608                 -8450.392121362765
0.0010941334513431536     0.0011900435222690908    0.005608                 -8923.99809053216
9.932928488199941E-4      0.0012897571738795448    0.005608                 -7824.025667616779
0.0010376017822302857     0.0012710112275894883    0.005608                 -8331.307725840423
0.0010819107156405773     0.0012522652812994315    0.005608                 -8812.506162280464
0.0010253790465277095     0.0013332329866198292    0.005608                 -8220.012089212823
0.0010696879799380013     0.0013144870403297725    0.005608                 -8698.851754839929
0.0010574652442354251     0.0013767087993601134    0.005608                 -8604.029291990366
7.912541277462393E-4      0.0011174975130725244    0.005608                 -4967.283266775723
8.233403254539549E-4      0.0011609733258128086    0.005608                 -5456.6194809901845
8.554265231616703E-4      0.001204449138553093     0.005608                 -5914.755337528736
8.875127208693859E-4      0.0012479249512933773    0.005608                 -6362.559299493893
9.195989185771015E-4      0.0012914007640336617    0.005608                 -6800.031366885657
9.516851162848171E-4      0.0013348765767739461    0.005608                 -7227.171539704026
9.837713139925325E-4      0.0013783523895142303    0.005608                 -7643.979817948999
0.0010158575117002481     0.0014218282022545148    0.005608                 -8011.340806705026
7.496463952110622E-4      0.0011626169159669256    0.005608                 -4287.550783551307
7.817325929187778E-4      0.00120609272870721      0.005608                 -4801.322313080967
8.138187906264933E-4      0.0012495685414474944    0.005608                 -5270.874164817322
8.459049883342088E-4      0.0012930443541877786    0.005608                 -5730.094121980285
8.779911860419244E-4      0.001336520166928063     0.005608                 -6178.982184569852
9.1007738374964E-4        0.0013799959796683473    0.005608                 -6617.538352586025
9.421635814573556E-4      0.0014234717924086317    0.005608                 -7023.260067303732
7.080386626758851E-4      0.001207736318861327     0.005608                 -3599.388311890958
7.401248603836007E-4      0.0012512121316016114    0.005608                 -4133.791462598956
7.722110580913163E-4      0.0012946879443418956    0.005608                 -4614.759309533116
8.042972557990317E-4      0.00133816375708218      0.005608                 -5085.395261893881
8.363834535067474E-4      0.0013816395698224644    0.005608                 -5545.69931968125
8.68469651214463E-4       0.0014251153825627486    0.005608                 -5988.4096749366545
6.664309301407081E-4      0.0012528557217557283    0.005608                 -2902.7958517946754
6.985171278484237E-4      0.0012963315344960125    0.005608                 -3454.0269295441503
7.306033255561393E-4      0.001339807347236297     0.005608                 -3946.4107716761123
7.626895232638548E-4      0.0013832831599765814    0.005608                 -4428.462719234682
7.947757209715704E-4      0.0014267589727168656    0.005608                 -4906.789629603791
6.248231976055312E-4      0.0012979751246501295    0.005608                 -2197.7734032624585
6.569093953132467E-4      0.0013414509373904139    0.005608                 -2762.0287139165484
6.889955930209622E-4      0.0013849267501306983    0.005608                 -3265.8285512463153
7.210817907286778E-4      0.0014284025628709825    0.005608                 -3778.3999313051468
5.832154650703541E-4      0.0013430945275445308    0.005608                 -1484.320966294307
6.153016627780696E-4      0.0013865703402848152    0.005608                 -2057.796815716153
6.473878604857852E-4      0.0014300461530250995    0.005608                 -2603.240580040717
5.41607732535177E-4       0.001388213930438932     0.005608                 -762.4385408902215
5.736939302428926E-4      0.0014316897431792164    0.005608                 -1381.3115758105023
5.0E-4                    0.0014333333333333333    0.005608                 -56.30645930725158
0.001078357511700248      0.0014801615355878482    0.005608                 -8802.008703108299
0.0010046635814573556     0.0014818051257419651    0.005608                 -7846.183878728598
0.0010671635814573557     0.0015401384590752985    0.005608                 -8677.168346845
9.93469651214463E-4       0.0015417820492294153    0.005608                 -7718.822789266499
0.001055969651214463      0.0016001153825627487    0.005608                 -8550.742533393588
9.822757209715703E-4      0.0016017589727168656    0.005608                 -7590.14214340318
0.0010447757209715704     0.001660092306050199     0.005608                 -8422.731262754074
9.710817907286778E-4      0.001661735896204316     0.005608                 -7460.141941138638
0.0010335817907286778     0.0017200692295376494    0.005608                 -8293.134534926452
9.598878604857853E-4      0.0017217128196917663    0.005608                 -7328.822182472875
0.001022387860485785      0.0017800461530250995    0.005608                 -8161.952349910725
9.486939302428927E-4      0.0017816897431792164    0.005608                 -7196.182867405891
0.0010111939302428926     0.0018400230765125499    0.005608                 -8029.184707706892
9.375E-4                  0.0018416666666666668    0.005608                 -7131.7645126119205
0.001                     0.0019000000000000002    0.005608                 -7975.707583361448
9.30969651214463E-4       0.001483448715896082     0.005608                 -6866.71609594949
9.197757209715704E-4      0.0015434256393835324    0.005608                 -6731.355126919096
9.085817907286778E-4      0.0016034025628709825    0.005608                 -6594.674601487479
8.973878604857852E-4      0.001663379486358433     0.005608                 -6456.67451965464
8.861939302428926E-4      0.0017233564098458832    0.005608                 -6317.35488142058
8.75E-4                   0.0017833333333333334    0.005608                 -6209.357686306797
8.572757209715704E-4      0.001485092306050199     0.005608                 -5839.106574780613
8.460817907286777E-4      0.0015450692295376491    0.005608                 -5695.745726181922
8.348878604857851E-4      0.0016050461530250995    0.005608                 -5551.065321182006
8.236939302428926E-4      0.0016650230765125498    0.005608                 -5405.06535978087
8.125000000000001E-4      0.0017250000000000002    0.005608                 -5258.644672529686
7.835817907286778E-4      0.001486735896204316     0.005608                 -4763.355315221963
7.723878604857852E-4      0.0015467128196917663    0.005608                 -4611.994587054974
7.611939302428926E-4      0.0016066897431792164    0.005608                 -4459.31430248676
7.5E-4                    0.0016666666666666668    0.005608                 -4279.625471280588
7.098878604857852E-4      0.0014883794863584329    0.005608                 -3639.4623172735414
6.986939302428926E-4      0.0015483564098458832    0.005608                 -3480.1017095382535
6.875E-4                  0.0016083333333333334    0.005608                 -3272.300082559498
6.361939302428927E-4      0.0014900230765125498    0.005608                 -2467.427580935347
6.25E-4                   0.0015500000000000002    0.005608                 -2236.668506366421
5.625000000000001E-4      0.0014916666666666667    0.005608                 -1172.7307427013554
4.999999999999999E-4      9.666666666666667E-4     0.005607999999999999     -15.617754225287774
5.41607732535177E-4       9.798805971055987E-4     0.005607999999999999     -742.1468199432776
4.999999999999999E-4      0.0010249999999999999    0.005607999999999999     1.3382187082087692E-15
5.41607732535177E-4       0.0010382139304389321    0.005608                 -721.7428346739607
5.83215465070354E-4       9.930945275445308E-4     0.005608                 -1454.5037408620783
5.83215465070354E-4       0.0010514278608778642    0.005608                 -1438.4482865362775
6.24823197605531E-4       0.0010063084579834628    0.005607999999999999     -2160.497394094334
6.248231976055312E-4      0.0010646417913167962    0.005608                 -2150.116355586951
6.664309301407081E-4      0.0010195223884223949    0.005608                 -2860.1277796400436
6.664309301407081E-4      0.001077855721755728     0.005608                 -2856.747041825981
7.080386626758851E-4      0.001032736318861327     0.005608                 -3553.3948974992086
7.080386626758851E-4      0.0010910696521946603    0.005608                 -3558.340345253368
7.496463952110622E-4      0.001045950249300259     0.005607999999999999     -4240.298747671829
7.496463952110621E-4      0.0011042835826335922    0.005608                 -4254.896265869111
7.912541277462392E-4      0.001059164179739191     0.005608                 -4920.839330157903
4.999999999999999E-4      0.0010833333333333333    0.005608                 -1.0739762777610164E-15
5.41607732535177E-4       0.0010965472637722655    0.005608                 -721.5372904176756
5.83215465070354E-4       0.0011097611942111974    0.005608                 -1438.0371980237073
6.24823197605531E-4       0.0011229751246501294    0.005608                 -2149.4997228180955
6.664309301407081E-4      0.0011361890550890615    0.005608                 -2855.92486480084
7.080386626758851E-4      0.0011494029855279937    0.005608                 -3557.3126239719413
5.0E-4                    0.0011416666666666667    0.005607999999999999     -3.3522709550454685E-15
5.41607732535177E-4       0.0011548805971055987    0.005607999999999999     -721.3317461613901
5.83215465070354E-4       0.0011680945275445308    0.005608                 -1437.6261095111367
6.248231976055312E-4      0.0011813084579834628    0.005607999999999999     -2148.8830900492403
6.664309301407081E-4      0.0011945223884223949    0.005608                 -2855.102687775698
5.0E-4                    0.0012000000000000001    0.005608                 -5.496665323644338E-15
5.41607732535177E-4       0.001213213930438932     0.005608                 -721.1262019051048
5.832154650703541E-4      0.0012264278608778642    0.005608                 -1437.2150209985662
6.248231976055312E-4      0.001239641791316796     0.005608                 -2148.2664572803833
5.0E-4                    0.0012583333333333333    0.005608                 -7.507159383557758E-15
5.41607732535177E-4       0.0012715472637722654    0.005608                 -720.9206576488195
5.832154650703541E-4      0.0012847611942111974    0.005608                 -1436.8039324859956
5.0E-4                    0.0013166666666666667    0.005607999999999999     -9.383753134785897E-15
5.41607732535177E-4       0.0013298805971055988    0.005608                 -720.7151133925342
5.0E-4                    0.001375                 0.005608                 -1.1126446577328508E-14
7.887034264521477E-4      0.0010247127438667066    0.005608                 -4858.119482198668
7.470956939169707E-4      0.0010114988134277746    0.005608                 -4188.17845619461
7.054879613817937E-4      9.982848829888425E-4     0.005608                 -3510.5482776291046
6.638802288466167E-4      9.850709525499105E-4     0.005608                 -2825.228946502152
6.222724963114395E-4      9.718570221109785E-4     0.005608                 -2132.2204628137533
5.806647637762626E-4      9.586430916720464E-4     0.005608                 -1431.522826563907
5.390570312410855E-4      9.454291612331143E-4     0.005607999999999999     -700.4373329277704
7.861527251580562E-4      9.902613079942222E-4     0.005608                 -4822.371218780221
7.445449926228793E-4      9.770473775552902E-4     0.005608                 -4151.846249683869
7.029372600877022E-4      9.638334471163581E-4     0.005608                 -3473.63212802607
6.613295275525251E-4      9.506195166774261E-4     0.005608                 -2787.7288538068237
6.197217950173481E-4      9.37405586238494E-4      0.005608                 -2094.136427026131
5.78114062482171E-4       9.24191655799562E-4      0.005608                 -1371.9252099876144
7.836020238639648E-4      9.558098721217378E-4     0.005608                 -4786.580256593259
7.419942913287879E-4      9.425959416828058E-4     0.005607999999999999     -4115.471344404612
7.003865587936107E-4      9.293820112438738E-4     0.005608                 -3436.67327965452
6.587788262584337E-4      9.161680808049417E-4     0.005607999999999999     -2750.18606234298
6.171710937232567E-4      9.029541503660097E-4     0.005607999999999999     -2037.8902625174635
7.810513225698734E-4      9.213584362492535E-4     0.005608                 -4750.746595637782
7.394435900346963E-4      9.081445058103214E-4     0.005608                 -4079.0537403568414
6.978358574995193E-4      8.949305753713894E-4     0.005608                 -3399.6717325144546
6.562281249643423E-4      8.817166449324573E-4     0.005608                 -2698.3324905173176
7.78500621275782E-4       8.869070003767691E-4     0.005608                 -4714.87023591379
7.368928887406049E-4      8.73693069937837E-4      0.005608                 -4042.5934375405554
6.952851562054278E-4      8.60479139498905E-4      0.005608                 -3353.251893987176
7.759499199816904E-4      8.524555645042847E-4     0.005608                 -4678.951177421281
7.343421874465134E-4      8.392416340653526E-4     0.005607999999999999     -4002.6484729270405
7.733992186875989E-4      8.180041286318003E-4     0.005608                 -4646.52222733691
5.0E-4                    0.0019                   0.005608                 0
5.0E-4                    0.0018416666666666666    0.005608                 0
5.625000000000001E-4      0.0019                   0.005608                 -1103.1687590270192
5.625000000000001E-4      0.0018416666666666668    0.005608                 -1102.4604190510634
5.0E-4                    0.0017833333333333334    0.005608                 0
5.625000000000001E-4      0.0017833333333333334    0.005608                 -1101.7520790751078
5.0E-4                    0.001725                 0.005608                 0
5.625000000000001E-4      0.0017250000000000002    0.005608                 -1101.043739099152
5.0E-4                    0.0016666666666666666    0.005608                 0
5.625000000000001E-4      0.0016666666666666668    0.005608                 -1100.335399123196
5.0E-4                    0.0016083333333333334    0.005608                 0
5.625000000000001E-4      0.0016083333333333334    0.005608                 -1099.6270591472405
5.0E-4                    0.00155                  0.005608                 0
5.625000000000001E-4      0.0015500000000000002    0.005608                 -1098.9187191712845
5.0E-4                    0.0014916666666666667    0.005608                 0
6.25E-4                   0.0019000000000000002    0.005608                 -2181.7699988125487
6.25E-4                   0.0018416666666666668    0.005608                 -2180.353318860637
6.25E-4                   0.0017833333333333334    0.005608                 -2178.936638908726
6.25E-4                   0.001725                 0.005608                 -2177.5199589568138
6.25E-4                   0.0016666666666666666    0.005608                 -2176.1032790049026
6.25E-4                   0.0016083333333333336    0.005608                 -2174.686599052991
6.875E-4                  0.0019                   0.005608                 -3235.803719356588
6.875E-4                  0.0018416666666666668    0.005608                 -3233.6786994287204
6.875E-4                  0.0017833333333333334    0.005608                 -3231.5536795008534
6.875E-4                  0.001725                 0.005608                 -3229.4286595729864
6.875E-4                  0.0016666666666666666    0.005608                 -3227.303639645119
7.5E-4                    0.0019000000000000002    0.005608                 -4265.269920659138
7.5E-4                    0.0018416666666666668    0.005608                 -4262.4365607553145
7.5E-4                    0.0017833333333333334    0.005608                 -4259.603200851492
7.5E-4                    0.001725                 0.005608                 -4256.769840947669
8.125000000000001E-4      0.0019000000000000002    0.005608                 -5270.168602720198
8.125000000000001E-4      0.0018416666666666668    0.005608                 -5266.626902840419
8.125000000000001E-4      0.0017833333333333334    0.005608                 -5263.08520296064
8.75E-4                   0.0019                   0.005608                 -6250.499765539767
8.75E-4                   0.0018416666666666668    0.005608                 -6246.249725684034
9.375E-4                  0.0019000000000000002    0.005608                 -7206.263409117849
0.002                     5.0E-4                   0.005608                 -7896.239267099288
0.0020625                 5.0E-4                   0.005608                 -6995.334410423735
0.002017156487906786      5.581269128531723E-4     0.005608                 -7650.64159695257
0.002079656487906786      5.581269128531723E-4     0.005608                 -6775.999066385451
0.002125                  5.0E-4                   0.005608                 -6110.3317545782675
0.002142156487906786      5.581269128531723E-4     0.005608                 -5880.644776651173
0.0021875                 5.0E-4                   0.005608                 -5191.521051331411
0.002204656487906786      5.581269128531723E-4     0.005608                 -4951.482439515505
0.0022500000000000003     5.0E-4                   0.005608                 -4238.902300683166
0.002267156487906786      5.581269128531723E-4     0.005608                 -3988.5120549784488
0.0023125000000000003     5.0E-4                   0.005608                 -3252.475502633532
0.002329656487906786      5.581269128531723E-4     0.005608                 -2991.7336230400024
0.002375                  5.0E-4                   0.005608                 -2232.240657182509
0.002392156487906786      5.581269128531723E-4     0.005608                 -1961.1471437001683
0.0024375000000000004     5.0E-4                   0.005608                 -1178.197764330096
0.002454656487906786      5.581269128531723E-4     0.005608                 -839.2678651526663
0.0025                    5.0E-4                   0.005608                 -45.17341203814749
0.0020343129758135722     6.162538257063446E-4     0.005608                 -7436.069570748957
0.0020968129758135723     6.162538257063446E-4     0.005608                 -6553.528112010392
0.0021593129758135723     6.162538257063446E-4     0.005608                 -5647.822188387303
0.002221812975813572      6.162538257063446E-4     0.005608                 -4708.3082173628245
0.002284312975813572      6.162538257063446E-4     0.005608                 -3734.9861989369556
0.002346812975813572      6.162538257063446E-4     0.005608                 -2727.856133109698
0.002409312975813572      6.162538257063446E-4     0.005608                 -1621.934729924397
0.0020514694637203583     6.74380738559517E-4      0.005608                 -7217.884525991645
0.0021139694637203584     6.74380738559517E-4      0.005608                 -6327.92154729856
0.002176469463720358      6.74380738559517E-4      0.005608                 -5411.863989786657
0.002238969463720358      6.74380738559517E-4      0.005608                 -4461.998384873366
0.002301469463720358      6.74380738559517E-4      0.005608                 -3478.324732558686
0.002363969463720358      6.74380738559517E-4      0.005608                 -2393.1740063533393
0.0020686259516271444     7.325076514126893E-4     0.005608                 -6996.086462680637
0.0021311259516271445     7.325076514126893E-4     0.005608                 -6099.179372249949
0.0021936259516271445     7.325076514126893E-4     0.005608                 -5172.770180849235
0.002256125951627144      7.325076514126893E-4     0.005608                 -4212.552942047132
0.002318625951627144      7.325076514126893E-4     0.005608                 -3152.9856944394937
0.0020857824395339305     7.906345642658616E-4     0.005608                 -6770.67538081593
0.0021482824395339306     7.906345642658616E-4     0.005608                 -5867.301586864562
0.00221078243953393       7.906345642658616E-4     0.005608                 -4930.540761575038
0.0022732824395339303     7.906345642658616E-4     0.005608                 -3901.36979418286
0.002102938927440716      8.487614771190338E-4     0.005608                 -6541.6512803975265
0.0021654389274407162     8.487614771190338E-4     0.005608                 -5632.2881911424
0.0022279389274407163     8.487614771190338E-4     0.005608                 -4638.326305583439
0.0021200954153475023     9.068883899722062E-4     0.005608                 -6309.0141614254235
0.0021825954153475023     9.068883899722062E-4     0.005608                 -5363.855228641229
0.0025                    9.083333333333333E-4     0.005608                 0
0.0024546564879067857     9.081269128531722E-4     0.005608                 -783.8725226938614
0.002409312975813572      9.079204923730113E-4     0.005608                 -1560.4337888801974
0.002363969463720358      9.077140718928502E-4     0.005608                 -2329.6837985590073
0.002318625951627144      9.075076514126893E-4     0.005608                 -3091.6225517302923
0.0022732824395339303     9.073012309325282E-4     0.005608                 -3846.250048394052
0.0022279389274407163     9.070948104523671E-4     0.005608                 -4593.566288550286
0.0025                    8.5E-4                   0.005608                 0
0.002454656487906786      8.49793579519839E-4      0.005608                 -783.5242878026157
0.002409312975813572      8.49587159039678E-4      0.005608                 -1559.7373190977064
0.002363969463720358      8.493807385595169E-4     0.005608                 -2328.639093885271
0.002318625951627144      8.491743180793559E-4     0.005608                 -3090.2296121653103
0.0022732824395339303     8.489678975991949E-4     0.005608                 -3844.508873937825
0.0025                    7.916666666666666E-4     0.005608                 0
0.002454656487906786      7.914602461865055E-4     0.005608                 -783.1760529113706
0.002409312975813572      7.912538257063447E-4     0.005608                 -1559.0408493152154
0.002363969463720358      7.910474052261836E-4     0.005608                 -2327.5943892115347
0.002318625951627144      7.908409847460225E-4     0.005608                 -3088.8366726003287
0.0025                    7.333333333333333E-4     0.005608                 0
0.002454656487906786      7.331269128531724E-4     0.005608                 -782.8278180201249
0.002409312975813572      7.329204923730113E-4     0.005608                 -1558.3443795327241
0.002363969463720358      7.327140718928503E-4     0.005608                 -2326.5496845377984
0.0025                    6.75E-4                  0.005608                 0
0.002454656487906786      6.747935795198389E-4     0.005608                 -782.4795831288794
0.002409312975813572      6.74587159039678E-4      0.005608                 -1557.6479097502333
0.0025                    6.166666666666666E-4     0.005608                 0
0.002454656487906786      6.164602461865056E-4     0.005608                 -782.1313482376339
0.0025                    5.583333333333333E-4     0.005608                 0
0.0015                    0.0018999999999999998    0.005608                 -11338.517392421722
0.0015086518436101498     0.001837649416529337     0.005608                 -11210.291418440487
0.0015625                 0.0019                   0.005608                 -11054.408693620802
0.0015711518436101499     0.001837649416529337     0.005608                 -11032.113230762006
0.0015173036872202998     0.0017752988330586744    0.005608                 -11189.015307926025
0.0015798036872202996     0.0017752988330586742    0.005608                 -11008.663332776458
0.0015259555308304493     0.0017129482495880114    0.005608                 -11166.483470217765
0.0015884555308304494     0.0017129482495880117    0.005608                 -10984.058999664148
0.001534607374440599      0.0016505976661173487    0.005608                 -11142.695905315693
0.0015971073744405994     0.0016505976661173487    0.005608                 -10958.300231425079
0.001543259218050749      0.001588247082646686     0.005608                 -11117.652613219821
0.0016057592180507491     0.001588247082646686     0.005608                 -10931.387028059256
0.0015519110616608986     0.0015258964991760233    0.005608                 -11091.353593930144
0.0016144110616608987     0.0015258964991760233    0.005608                 -10903.319389566677
0.0015605629052710486     0.0014635459157053606    0.005608                 -11063.798847446658
0.0016250000000000001     0.0018999999999999998    0.005608                 -10839.009017351633
0.00163365184361015       0.0018376494165293369    0.005608000000000001     -10808.124449720297
0.0016423036872202997     0.0017752988330586744    0.005608                 -10776.085446962205
0.0016509555308304494     0.0017129482495880119    0.005608                 -10742.892009077355
0.0016596073744405992     0.001650597666117349     0.005608                 -10708.54413606575
0.001668259218050749      0.001588247082646686     0.005608000000000001     -10673.041827927384
0.0016875000000000002     0.0018999999999999998    0.005608000000000001     -10559.759562999992
0.00169615184361015       0.001837649416529337     0.005608000000000001     -10520.285890596118
0.0017048036872203        0.0017752988330586744    0.005608                 -10479.657783065484
0.0017134555308304495     0.0017129482495880117    0.005608                 -10437.875240408093
0.0017221073744405995     0.001650597666117349     0.005608000000000001     -10394.938262623946
0.0017500000000000003     0.0019                   0.005608000000000001     -10216.660330565875
0.00175865184361015       0.0018376494165293373    0.005608000000000001     -10168.59755338946
0.0017673036872202998     0.0017752988330586744    0.005608000000000001     -10119.380341086287
0.0017759555308304495     0.0017129482495880119    0.005608000000000001     -10069.008693656357
0.0018125000000000003     0.0019000000000000002    0.005608000000000001     -9809.71132004929
0.00182115184361015       0.0018376494165293373    0.005608000000000001     -9753.059438100332
0.0018298036872202998     0.0017752988330586746    0.005608000000000001     -9695.253121024618
0.0018750000000000004     0.0019                   0.005608000000000002     -9338.912531450227
0.0018836518436101501     0.0018376494165293373    0.005608000000000002     -9273.671544728732
0.0019375000000000004     0.0019000000000000002    0.005608000000000002     -8804.263964768696
0.0010625                 0.0019000000000000002    0.005608                 -8551.001619605562
0.0010736939302428926     0.0018400230765125499    0.005608                 -8681.742762650538
0.0010848878604857851     0.0017800461530250995    0.005608                 -8810.632547720525
0.0010960817907286777     0.0017200692295376492    0.005608                 -8937.670974815519
0.0011072757209715704     0.0016600923060501988    0.005608                 -9062.858043935525
0.001118469651214463      0.0016001153825627485    0.005608                 -9186.193755080536
0.0011296635814573555     0.0015401384590752985    0.005608                 -9307.678108250559
0.001140857511700248      0.0014801615355878482    0.005608                 -9542.464651436074
0.0011250000000000001     0.0019                   0.005608                 -9164.99160441896
0.0011361939302428925     0.0018400230765125499    0.005608                 -9285.046240026166
0.0011473878604857852     0.0017800461530250995    0.005608                 -9403.24951765838
0.001158581790728678      0.0017200692295376492    0.005608                 -9519.601437315603
0.0011697757209715703     0.001660092306050199     0.005608                 -9634.101998997836
0.001180969651214463      0.0016001153825627487    0.005608                 -9746.751202705076
0.0011921635814573556     0.0015401384590752983    0.005608                 -9940.634576027027
0.0011875000000000002     0.0019000000000000002    0.005608                 -9717.362401634433
0.0011986939302428927     0.0018400230765125499    0.005608                 -9826.730529803866
0.0012098878604857853     0.0017800461530250995    0.005608                 -9934.24729999831
0.0012210817907286778     0.0017200692295376492    0.005608                 -10039.91271221776
0.0012322757209715703     0.0016600923060501988    0.005608                 -10143.726766462221
0.001243469651214463      0.0016001153825627485    0.005608                 -10294.763675339698
0.00125                   0.0019                   0.005608                 -10208.114011251979
0.0012611939302428926     0.0018400230765125496    0.005608                 -10306.795631983641
0.0012723878604857853     0.0017800461530250995    0.005608                 -10403.625894740311
0.0012835817907286778     0.0017200692295376492    0.005608                 -10498.604799521989
0.0012947757209715704     0.0016600923060501988    0.005608                 -10604.85194937409
0.0013124999999999999     0.0018999999999999998    0.005608                 -10637.246433271597
0.0013236939302428926     0.0018400230765125494    0.005608                 -10725.241546565485
0.0013348878604857852     0.0017800461530250993    0.005608                 -10811.385301884384
0.0013460817907286777     0.001720069229537649     0.005608                 -10870.899398130197
0.0013750000000000001     0.0018999999999999998    0.005608                 -11004.759667693288
0.0013861939302428927     0.0018400230765125496    0.005608                 -11082.068273549405
0.0013973878604857854     0.0017800461530250993    0.005608                 -11092.906021608023
0.0014375                 0.0019                   0.005608                 -11310.653714517051
0.0014486939302428927     0.0018400230765125496    0.005608                 -11270.871819807571
0.0015006049919037913     0.001465919575688573     0.005608                 -11033.51093703839
0.0014919531482936418     0.0015282701591592357    0.005608                 -11058.729633464081
0.001483301304683492      0.0015906207426298984    0.005608                 -11082.591310628919
0.001474649461073342      0.0016529713261005613    0.005608                 -11105.095968532903
0.0014659976174631923     0.0017153219095712238    0.005608                 -11126.243607176035
0.0014573457738530425     0.0017776724930418867    0.005608                 -11146.034226558317
0.0014406470785365342     0.0014682932356717853    0.005608                 -10962.052370737985
0.0014319952349263845     0.0015306438191424483    0.005608                 -10978.013239469197
0.0014233433913162347     0.0015929944026131112    0.005608                 -10992.617088939554
0.001414691547706085      0.0016553449860837737    0.005608                 -11005.863919149062
0.0014060397040959348     0.0017176955695544364    0.005608                 -11017.753730097716
0.001380689165169277      0.001470666895654998     0.005608                 -10827.451048450286
0.0013720373215591272     0.0015330174791256608    0.005608                 -10834.15408948702
0.0013633854779489774     0.0015953680625963235    0.005608                 -10839.5001112629
0.0013547336343388277     0.0016577186460669862    0.005608                 -10843.489113777927
0.0013207312518020197     0.0014730405556382105    0.005608                 -10629.706970175292
0.00131207940819187       0.0015353911391088734    0.005608                 -10627.152183517548
0.0013034275645817201     0.001597741722579536     0.005608                 -10623.240377598951
0.0012607733384347626     0.001475414215621423     0.005608                 -10368.820135913007
0.0012521214948246128     0.0015377647990920857    0.005608                 -10357.007521560785
0.0012008154250675053     0.0014777878756046356    0.005608                 -10044.790545663429
0.00207785585493904       9.554426272156001E-4     0.005608                 -6869.728908598078
0.0020606993670322545     8.973157143624278E-4     0.005608                 -7091.835029478094
0.0020184598066237923     9.458699516058216E-4     0.005608                 -7605.322095792781
0.002001303318717006      8.877430387526494E-4     0.005608                 -7833.783184206303
0.0019590637583085445     9.362972759960433E-4     0.005608                 -8289.925965339276
0.0019419072704017582     8.78170363142871E-4      0.005608                 -8526.077556286251
0.0018996677099932962     9.267246003862649E-4     0.005608                 -8923.540517237565
0.0018825112220865103     8.685976875330926E-4     0.005608                 -9168.718145717941
0.0018402716616780482     9.171519247764865E-4     0.005608                 -9506.165751487646
0.001823115173771262      8.590250119233141E-4     0.005608                 -9761.70495250137
0.0017808756133628001     9.07579249166708E-4      0.005608                 -10037.80166808952
0.0017637191254560142     8.494523363135357E-4     0.005608                 -10305.037976636537
0.0017214795650475523     8.980065735569295E-4     0.005608                 -10518.448267043186
0.0017043230771407662     8.398796607037573E-4     0.005608                 -10765.162751485675
0.0016620835167323043     8.884338979471512E-4     0.005608                 -10861.61483827791
0.0020435428791254684     8.391888015092554E-4     0.005608                 -7315.060110069129
0.00198414683081022       8.29616125899477E-4      0.005608                 -8042.756479614294
0.0019247507824949723     8.200434502896985E-4     0.005608                 -8720.799066511201
0.0018653547341797242     8.104707746799202E-4     0.005608                 -9349.187870759846
0.0018059586858644762     8.008980990701418E-4     0.005608                 -9927.922892360231
0.0017465626375492282     7.913254234603634E-4     0.005608                 -10438.516254505688
0.0020263863912186823     7.810618886560832E-4     0.005608                 -7534.1947638895435
0.001966990342903434      7.714892130463048E-4     0.005608                 -8247.639348251665
0.0019075942945881862     7.619165374365263E-4     0.005608                 -8911.43014996553
0.0018481982462729381     7.523438618267479E-4     0.005608                 -9525.56716903113
0.00178880219795769       7.427711862169695E-4     0.005608                 -10085.32009650614
0.002009229903311896      7.229349758029109E-4     0.005608                 -7749.23899093934
0.0019498338549966481     7.133623001931324E-4     0.005608                 -8448.431790118419
0.0018904378066814        7.03789624583354E-4      0.005608                 -9097.970806649239
0.0018310417583661523     6.942169489735756E-4     0.005608                 -9705.574277487032
0.00199207341540511       6.648080629497385E-4     0.005608                 -7960.192791218515
0.0019326773670898622     6.552353873399601E-4     0.005608                 -8645.13380521455
0.001873281318774614      6.456627117301817E-4     0.005608                 -9299.278797448369
0.001974916927498324      6.066811500965662E-4     0.005608                 -8167.0561647270715
0.0019155208791830762     5.971084744867878E-4     0.005608                 -8866.433656390145
0.001957760439591538      5.485542372433939E-4     0.005608                 -8407.038854312364
0.001650474920750916      9.525290772330944E-4     0.005608                 -10745.110031149747
0.0016027397430862348     8.92680978185966E-4      0.005608                 -10911.099408291733
0.0015911311471048465     9.567761574719094E-4     0.005608                 -10889.372408816791
0.0016388663247695278     0.0010166242565190378    0.005608                 -10803.364116311044
0.0015795225511234584     0.0010208713367578527    0.005608                 -10939.926107002984
0.0016272577287881394     0.0010807194358049812    0.005608                 -10859.23822455326
0.0015679139551420702     0.0010849665160437962    0.005608                 -10988.040272487164
0.0016156491328067513     0.0011448146150909244    0.005608                 -10912.732355876395
0.001556305359160682      0.0011490616953297394    0.005608                 -11033.714905269328
0.001604040536825363      0.0012089097943768677    0.005608                 -10963.846510280446
0.0015446967631792938     0.0012131568746156828    0.005608                 -11076.950005349474
0.0015924319408439748     0.0012730049736628113    0.005608                 -11012.580687765418
0.0015330881671979054     0.0012772520539016262    0.005608                 -11117.745572727606
0.0015808233448625867     0.0013371001529487545    0.005608                 -11058.934888331303
0.0015433959694401657     8.96928058424781E-4      0.005608                 -10973.335175668635
0.001531787373458777      9.610232377107242E-4     0.005608                 -10966.710914065809
0.001520178777477389      0.0010251184169966677    0.005608                 -11004.866816896363
0.0015085701814960008     0.0010892135962826109    0.005608                 -11040.583187024904
0.0014969615855146127     0.0011533087755685543    0.005608                 -11073.860024451425
0.0014853529895332246     0.0012174039548544975    0.005608                 -11104.697329175931
0.0014840521957940962     9.01175138663596E-4      0.005608                 -10973.125055659293
0.0014724435998127081     9.652703179495392E-4     0.005608                 -10981.04556322713
0.0014608350038313198     0.0010293654972354826    0.005608                 -11006.803670702042
0.0014492264078499316     0.0010934606765214258    0.005608                 -11030.12224547494
0.0014376178118685433     0.0011575558558073692    0.005608                 -11051.001287545823
0.0014247084221480268     9.054222189024108E-4     0.005608                 -10910.46904826371
0.0014130998261666387     9.695173981883541E-4     0.005608                 -10932.376356300745
0.0014014912301852506     0.0010336125774742973    0.005608                 -10945.73666842002
0.0013898826342038622     0.0010977077567602407    0.005608                 -10956.657447837279
0.0013653646485019574     9.096692991412256E-4     0.005608                 -10785.367153481888
0.0013537560525205693     9.73764478427169E-4      0.005608                 -10820.70329328666
0.0013421474565391812     0.0010378596577131122    0.005608                 -10821.665810050295
0.0013060208748558882     9.139163793800406E-4     0.005608                 -10597.819371313824
0.0012944122788745        9.78011558665984E-4      0.005608                 -10646.02637418488
0.001246677101209819      9.181634596188554E-4     0.005608                 -10347.825701759513
0.0019012362366078108     0.0012086840128934578    0.005608                 -9111.353380275023
0.001855462966358493      0.0012270291757585001    0.005608                 -9521.5008733555
0.0018096896961091753     0.0012453743386235424    0.005608                 -9860.689650022974
0.0017639164258598575     0.001263719501488585     0.005608                 -10164.617775030541
0.0017181431556105397     0.0012820646643536273    0.005608                 -10433.285248378208
0.0016723698853612222     0.0013004098272186696    0.005608                 -10666.692070065965
0.0016265966151119042     0.0013187549900837122    0.005608                 -10864.838240093817
0.0018670715623398814     0.001162933996472557     0.005608                 -9399.474809461397
0.0018212982920905634     0.001181279159337599     0.005608                 -9773.50503382933
0.0017755250218412458     0.0011996243222026416    0.005608                 -10086.479167855623
0.001729751751591928      0.001217969485067684     0.005608                 -10364.192650222012
0.0016839784813426103     0.0012363146479327262    0.005608                 -10606.645480928495
0.0016382052110932926     0.0012546598107977688    0.005608                 -10813.837659975072
0.0018329068880719515     0.0011171839800516558    0.005608                 -9668.784990518217
0.001787133617822634      0.0011355291429166981    0.005608                 -10006.020139544555
0.0017413603475733164     0.0011538743057817407    0.005608                 -10292.779630929666
0.0016955870773239985     0.001172219468646783     0.005608                 -10544.278470654877
0.001649813807074681      0.0011905646315118253    0.005608                 -10760.51665872018
0.001798742213804022      0.001071433963630755     0.005608                 -9919.283923445488
0.0017529689435547046     0.0010897791264957973    0.005608                 -10219.046190501174
0.0017071956733053866     0.0011081242893608398    0.005608                 -10479.59103924511
0.001661422403056069      0.0011264694522258821    0.005608                 -10704.875236329139
0.0017645775395360927     0.001025683947209854     0.005608                 -10150.971608243202
0.001718804269286775      0.0010440291100748964    0.005608                 -10412.583186699194
0.0016730309990374572     0.001062374272939939     0.005608                 -10646.91339280195
0.0017304128652681633     9.79933930788953E-4      0.005608                 -10363.848044911367
0.0016846395950188453     9.982790936539955E-4     0.005608                 -10586.63112813861
0.0016962481910002337     9.341839143680521E-4     0.005608                 -10557.913233449977
0.0019264676106551294     0.0011725066720823353    0.005608                 -8787.773931021595
0.0018923029363871998     0.0011267566556614345    0.005608                 -9098.475898306973
0.0018581382621192701     0.0010810066392405334    0.005608                 -9391.044424091848
0.0018239735878513407     0.0010352566228196325    0.005608                 -9665.479508376222
0.0017898089135834113     9.895066063987316E-4     0.005608                 -9921.781151160092
0.0017556442393154817     9.437565899778305E-4     0.005608                 -10159.949352443458
0.0019516989847024476     0.0011363293312712127    0.005608                 -8491.05695942889
0.0019175343104345182     0.0010905793148503118    0.005608                 -8814.436838741905
0.0018833696361665888     0.0010448292984294107    0.005608                 -9119.683276554417
0.0018492049618986594     9.990792820085098E-4     0.005608                 -9406.796272866428
0.0018150402876307295     9.53329265587609E-4      0.005608                 -9675.775827677937
0.001976930358749766      0.0011001519904600902    0.005608                 -8185.504400743808
0.0019427656844818368     0.001054401974039189     0.005608                 -8521.56219208446
0.0019086010102139072     0.0010086519576182882    0.005608                 -8839.48654192461
0.0018744363359459778     9.629019411973873E-4     0.005608                 -9139.277450264257
0.002002161732797085      0.0010639746496489677    0.005608                 -7871.116254966349
0.0019679970585291555     0.0010182246332280666    0.005608                 -8219.851958334639
0.0019338323842612258     9.724746168071658E-4     0.005608                 -8550.454220202426
0.0020273931068444033     0.001027797308837845     0.005608                 -7547.892522096514
0.001993228432576474      9.820472924169442E-4     0.005608                 -7909.306137492442
0.0020526244808917217     9.916199680267226E-4     0.005608                 -7215.833202134303
0.0010625000000000003     5.0E-4                   0.005607999999999999     -8583.693711061827
0.0010859166659454688     5.528013174822088E-4     0.005608                 -8836.10068396696
0.0011250000000000001     5.0E-4                   0.005608                 -9174.849176838718
0.0011484166659454687     5.528013174822087E-4     0.005608                 -9404.283655677764
0.0011875000000000002     5.0E-4                   0.005607999999999999     -9703.307612641915
0.0012109166659454687     5.528013174822087E-4     0.005608                 -9909.769597414872
0.00125                   5.0E-4                   0.005608                 -10169.069018471422
0.0012734166659454688     5.528013174822087E-4     0.005608                 -10352.558509178292
0.0013124999999999999     5.0E-4                   0.005608                 -10572.133394327238
0.0013359166659454686     5.528013174822087E-4     0.005608                 -10732.650390968021
0.001375                  4.999999999999999E-4     0.005607999999999999     -10912.500740209363
0.0013984166659454687     5.528013174822087E-4     0.005608                 -11050.045242784057
0.0014375                 4.999999999999999E-4     0.005608                 -11190.171056117797
0.0014609166659454685     5.528013174822087E-4     0.005608                 -11255.826662842212
0.0014999999999999998     4.999999999999999E-4     0.005608                 -11300.119831859003
0.0011093333318909376     6.056026349644176E-4     0.005608                 -9080.09470385551
0.0011718333318909376     6.056026349644176E-4     0.005608                 -9625.305181500224
0.0012343333318909375     6.056026349644175E-4     0.005608                 -10107.818629171246
0.0012968333318909373     6.056026349644175E-4     0.005608                 -10527.635046868578
0.0013593333318909374     6.056026349644175E-4     0.005608                 -10884.754434592225
0.0014218333318909374     6.056026349644174E-4     0.005608                 -11141.977747278093
0.0011327499978364061     6.584039524466265E-4     0.005607999999999999     -9315.675770727477
0.0011952499978364062     6.584039524466263E-4     0.005608                 -9837.913754306104
0.0012577499978364062     6.584039524466263E-4     0.005607999999999999     -10297.45470791104
0.001320249997836406      6.584039524466263E-4     0.005608                 -10694.298631542284
0.001382749997836406      6.584039524466263E-4     0.005608                 -11002.149444669885
0.0011561666637818749     7.112052699288352E-4     0.005608                 -9542.843884582862
0.0012186666637818747     7.112052699288352E-4     0.005608                 -10042.1093740954
0.0012811666637818748     7.11205269928835E-4      0.005608                 -10478.677833634249
0.0013436666637818748     7.11205269928835E-4      0.005608                 -10836.341755017598
0.0011795833297273436     7.640065874110439E-4     0.005608                 -9761.599045421663
0.0012420833297273435     7.640065874110439E-4     0.005608                 -10237.892040868119
0.0013045833297273433     7.640065874110439E-4     0.005608                 -10644.554678321221
0.0012029999956728122     8.168079048932528E-4     0.005608                 -9971.941253243884
0.0012654999956728122     8.168079048932528E-4     0.005608                 -10426.788214580756
0.001226416661618281      8.696092223754615E-4     0.005608                 -10183.042363796209
0.0015624999999999999     4.999999999999999E-4     0.005608                 -11025.5027104122
0.001520260439591538      5.485542372433938E-4     0.005608                 -11235.383809696352
0.001582760439591538      5.485542372433938E-4     0.005608                 -11004.132737564987
0.001625                  4.999999999999999E-4     0.005608                 -10775.619190070556
0.001645260439591538      5.485542372433939E-4     0.005608                 -10733.533175584085
0.0016874999999999998     5.0E-4                   0.005608                 -10463.316551827582
0.001707760439591538      5.485542372433939E-4     0.005608                 -10400.514495701858
0.0017499999999999998     5.0E-4                   0.005608                 -10088.594795683293
0.0017702604395915381     5.485542372433939E-4     0.005608                 -10005.07669791831
0.0018124999999999999     5.0E-4                   0.005608                 -9651.453921637674
0.001832760439591538      5.485542372433939E-4     0.005608                 -9547.219782233438
0.001875                  5.0E-4                   0.005608                 -9151.89392969074
0.001895260439591538      5.485542372433939E-4     0.005608                 -9026.94374864724
0.0019375                 5.0E-4                   0.005608                 -8589.914819842477
0.001540520879183076      5.971084744867877E-4     0.005608                 -11216.104526815488
0.0016030208791830759     5.971084744867878E-4     0.005608                 -10975.891116354263
0.001665520879183076      5.971084744867878E-4     0.005608                 -10684.575512734105
0.001728020879183076      5.971084744867878E-4     0.005608                 -10330.84079121262
0.001790520879183076      5.971084744867878E-4     0.005608                 -9914.686951789812
0.001853020879183076      5.971084744867878E-4     0.005608                 -9436.11399446568
0.001560781318774614      6.456627117301817E-4     0.005608                 -11189.769728119645
0.0016232813187746142     6.456627117301817E-4     0.005608                 -10940.777846780022
0.0016857813187746143     6.456627117301817E-4     0.005608                 -10628.746201520602
0.0017482813187746139     6.456627117301817E-4     0.005608                 -10254.295438359866
0.001810781318774614      6.456627117301817E-4     0.005608                 -9817.425557297796
0.001581041758366152      6.942169489735756E-4     0.005608                 -11156.379413608822
0.001643541758366152      6.942169489735756E-4     0.005608                 -10898.792928842267
0.0017060417583661521     6.942169489735756E-4     0.005608                 -10566.045241943591
0.0017685417583661522     6.942169489735756E-4     0.005608                 -10170.878437143594
0.00160130219795769       7.427711862169695E-4     0.005608                 -11115.933583283017
0.00166380219795769       7.427711862169695E-4     0.005608                 -10849.936362540997
0.00172630219795769       7.427711862169695E-4     0.005608                 -10496.472634003061
0.001621562637549228      7.913254234603634E-4     0.005608                 -11068.432237142231
0.001684062637549228      7.913254234603634E-4     0.005608                 -10794.208147876208
0.0016418230771407662     8.398796607037572E-4     0.005608                 -11013.875375186464
0.0015824793034946967     8.441267409425721E-4     0.005608                 -11039.122163083244
0.0015231355298486275     8.48373821181387E-4      0.005608                 -11052.69063587181
0.0014637917562025581     8.526209014202019E-4     0.005608                 -11004.371189975593
0.0014044479825564887     8.568679816590169E-4     0.005608                 -10894.163825394593
0.0013451042089104195     8.611150618978317E-4     0.005608                 -10722.068542128809
0.0012857604352643501     8.653621421366467E-4     0.005608                 -10488.085340178244
0.0015622188639031586     7.955725036991783E-4     0.005608                 -11085.185304245157
0.0015028750902570894     7.998195839379931E-4     0.005608                 -11077.587015673143
0.00144353131661102       8.04066664176808E-4      0.005608                 -11008.10080841635
0.0013841875429649508     8.08313744415623E-4      0.005608                 -10876.726682474771
0.0013248437693188814     8.125608246544379E-4     0.005608                 -10683.46463784841
0.001541958424311621      7.470182664557843E-4     0.005608                 -11124.009062140622
0.0014826146506655515     7.512653466945992E-4     0.005608                 -11095.24401220803
0.0014232708770194821     7.555124269334141E-4     0.005608                 -11004.591043590657
0.0013639271033734127     7.59759507172229E-4      0.005608                 -10852.050156288502
0.0015216979847200826     6.984640292123905E-4     0.005608                 -11155.593436769639
0.0014623542110740132     7.027111094512053E-4     0.005608                 -11105.66162547647
0.001403010437427944      7.069581896900202E-4     0.005608                 -10993.841895498519
0.0015014375451285447     6.499097919689965E-4     0.005608                 -11179.938428132213
0.0014420937714824753     6.541568722078114E-4     0.005608                 -11108.839855478465
0.0014811771055370066     6.013555547256026E-4     0.005608                 -11197.044036228339
7.73399218687599E-4       7.596707952984669E-4     0.005608                 -4656.433093875083
7.343421874465134E-4      7.809083007320192E-4     0.005608                 -4000.098964339277
6.952851562054278E-4      8.021458061655718E-4     0.005608                 -3344.620013402602
6.562281249643423E-4      8.233833115991239E-4     0.005608                 -2684.6593785513132
6.171710937232567E-4      8.446208170326762E-4     0.005608                 -2020.2170597854076
5.781140624821711E-4      8.658583224662288E-4     0.005608                 -1351.2930571048873
5.390570312410855E-4      8.870958278997809E-4     0.005608                 -677.8873705097513
4.999999999999999E-4      9.083333333333333E-4     0.005607999999999999     3.974308355032746E-15
7.343421874465134E-4      7.225749673986859E-4     0.005608                 -4017.260362550411
6.952851562054278E-4      7.438124728322384E-4     0.005608                 -3345.363725436727
6.562281249643423E-4      7.650499782657906E-4     0.005608                 -2685.2543481786115
6.171710937232566E-4      7.862874836993429E-4     0.005608                 -2020.663287005882
5.781140624821711E-4      8.075249891328953E-4     0.005608                 -1351.590541918537
5.390570312410856E-4      8.287624945664477E-4     0.005608                 -678.0361129165763
4.999999999999999E-4      8.5E-4                   0.005608                 2.3537002281898943E-15
6.952851562054278E-4      6.85479139498905E-4      0.005608                 -3370.4394144391954
6.562281249643423E-4      7.067166449324573E-4     0.005608                 -2685.849317805912
6.171710937232567E-4      7.279541503660096E-4     0.005607999999999999     -2021.109514226357
5.781140624821711E-4      7.49191655799562E-4      0.005608                 -1351.8880267321865
5.390570312410856E-4      7.704291612331143E-4     0.005607999999999999     -678.184855323401
5.0E-4                    7.916666666666666E-4     0.005607999999999999     6.298668717942987E-16
6.562281249643423E-4      6.48383311599124E-4      0.005608                 -2715.9702495414376
6.171710937232567E-4      6.696208170326763E-4     0.005608                 -2021.5557414468317
5.781140624821711E-4      6.908583224662287E-4     0.005608                 -1352.1855115458366
5.390570312410856E-4      7.12095827899781E-4      0.005608                 -678.3335977302261
5.0E-4                    7.333333333333333E-4     0.005608                 -1.1971917141539014E-15
6.171710937232567E-4      6.11287483699343E-4      0.005608                 -2053.852867857137
5.781140624821711E-4      6.325249891328954E-4     0.005608                 -1352.4829963594866
5.390570312410856E-4      6.537624945664477E-4     0.005608                 -678.482340137051
5.0E-4                    6.75E-4                  0.005608                 -3.127475529654782E-15
5.781140624821711E-4      5.741916557995619E-4     0.005608                 -1384.087269386293
5.390570312410856E-4      5.954291612331143E-4     0.005608                 -678.6310825438759
5.0E-4                    6.166666666666666E-4     0.005607999999999999     -5.160984574708267E-15
5.390570312410856E-4      5.37095827899781E-4      0.005608                 -706.6734541289059
5.0E-4                    5.583333333333333E-4     0.005608                 -7.297718849314508E-15
5.0E-4                    5.0E-4                   0.005608                 -21.611422084976088
7.968421874465134E-4      7.22574967398686E-4      0.005608                 -5012.549014248512
7.577851562054279E-4      6.85479139498905E-4      0.005608                 -4391.837217654889
7.187281249643422E-4      6.483833115991241E-4     0.005608                 -3760.608156216445
6.796710937232567E-4      6.11287483699343E-4      0.005608                 -3118.8618299331793
6.406140624821711E-4      5.741916557995619E-4     0.005608                 -2466.5982388050934
6.015570312410856E-4      5.370958278997811E-4     0.005608                 -1803.8173828321871
5.625000000000001E-4      5.0E-4                   0.005608                 -1130.5192620144603
8.20285156205428E-4       6.854791394989051E-4     0.005608                 -5358.079117847772
7.812281249643424E-4      6.48383311599124E-4      0.005607999999999999     -4744.896174728758
7.421710937232568E-4      6.11287483699343E-4      0.005607999999999999     -4121.195966764924
7.031140624821713E-4      5.741916557995619E-4     0.005607999999999999     -3486.9784939562705
6.640570312410857E-4      5.37095827899781E-4      0.005608                 -2842.243756302795
6.250000000000001E-4      5.0E-4                   0.005607999999999999     -2186.9917538044992
8.437281249643424E-4      6.48383311599124E-4      0.005608                 -5698.360267186604
8.046710937232569E-4      6.11287483699343E-4      0.005608                 -5092.706177542201
7.656140624821713E-4      5.741916557995619E-4     0.005608                 -4476.534823052979
7.265570312410857E-4      5.370958278997811E-4     0.005608                 -3849.846203718935
6.875000000000002E-4      5.0E-4                   0.005608                 -3212.640319540073
8.671710937232568E-4      6.11287483699343E-4      0.005608                 -6033.39246226501
8.281140624821713E-4      5.741916557995619E-4     0.005608                 -5435.2672260952195
7.890570312410857E-4      5.37095827899781E-4      0.005608                 -4826.62472508061
7.500000000000001E-4      5.0E-4                   0.005608                 -4207.464959221176
8.906140624821712E-4      5.741916557995619E-4     0.005607999999999999     -6363.175703082996
8.515570312410856E-4      5.37095827899781E-4      0.005607999999999999     -5772.579320387815
8.125000000000001E-4      5.0E-4                   0.005607999999999999     -5171.465672847815
9.140570312410858E-4      5.37095827899781E-4      0.005608                 -6687.709989640551
8.750000000000002E-4      5.0E-4                   0.005608                 -6104.642460419984
9.375000000000002E-4      5.0E-4                   0.005607999999999999     -7006.995321937686
