% Model:              stripline_filter_simple_decomp_new_mesh.mph
% Version:            COMSOL 6.1.0.252
% Date:               May 4 2023, 12:45
% Dimension:          3
% Nodes:              953
% Expressions:        1
% Description:        Surface
% X                       Y                        Z                        real(emw.Ex)
0.0025                    0.0019                   0.005608                 -1.099401723168096E-12
0.0024375000000000004     0.0019                   0.005608                 -8.163812397602291E-13
0.0025                    0.0018416666666666666    0.005608                 3.168307443184018
0.0024375                 0.0018416666666666668    0.005608                 5.8704168897570455
0.002375                  0.0019000000000000002    0.005608                 -5.379593732924471E-13
0.002375                  0.0018416666666666666    0.005608000000000001     8.572526336330073
0.0023125000000000003     0.0019                   0.005608000000000001     -2.6413612376475066E-13
0.0023125                 0.0018416666666666666    0.005608000000000001     11.2746357829031
0.0022500000000000003     0.0019000000000000002    0.005608000000000001     5.0885088228609845E-15
0.0022500000000000003     0.0018416666666666668    0.005608000000000001     13.976745229476137
0.0021875                 0.0019000000000000002    0.005608000000000001     2.697145244703874E-13
0.0021875                 0.0018416666666666668    0.005608000000000002     16.678854676049166
0.0021250000000000006     0.0019                   0.005608000000000002     5.297419231778296E-13
0.0021250000000000006     0.0018416666666666668    0.005608000000000002     19.380964122622196
0.0020625000000000005     0.0019000000000000002    0.005608000000000002     7.851707049451858E-13
0.0020625000000000005     0.0018416666666666668    0.005608000000000002     -20.159642491621426
0.0020000000000000005     0.0019000000000000002    0.005608000000000002     0.940455822006292
0.0025                    0.0017833333333333334    0.005608                 6.3740461156002866
0.0024375                 0.0017833333333333334    0.005608000000000001     11.778265008746148
0.0023750000000000004     0.0017833333333333334    0.005608000000000001     17.182483901891892
0.0023125000000000003     0.0017833333333333334    0.005608000000000001     22.586702795037695
0.0022500000000000003     0.0017833333333333334    0.005608000000000002     27.990921688183462
0.0021875                 0.0017833333333333336    0.005608000000000002     33.39514058132928
0.0021250000000000006     0.0017833333333333334    0.005608000000000002     5.07109751395874
0.0025                    0.001725                 0.005608                 9.61721601724787
0.0024375                 0.001725                 0.005608                 17.72354435696643
0.002375                  0.0017250000000000004    0.005608                 25.829872696684987
0.0023125000000000003     0.001725                 0.005608000000000001     33.936201036403546
0.0022500000000000003     0.0017250000000000004    0.005608000000000002     42.04252937612204
0.0021875                 0.0017250000000000004    0.005608000000000002     23.386843776794354
0.0025                    0.0016666666666666668    0.005608                 12.89781714812665
0.0024375                 0.001666666666666667     0.005608                 23.70625493441793
0.0023750000000000004     0.001666666666666667     0.005608000000000001     34.51469272070929
0.0023125000000000003     0.0016666666666666668    0.005608000000000002     45.323130507000585
0.0022500000000000003     0.001666666666666667     0.005608000000000002     34.787596296885724
0.0025                    0.0016083333333333336    0.005608                 16.21584950823663
0.0024375000000000004     0.0016083333333333336    0.005608000000000001     29.72639674110071
0.0023750000000000004     0.0016083333333333336    0.005608000000000002     43.236943973964806
0.0023125000000000003     0.0016083333333333336    0.005608000000000002     39.27335507423274
0.0025                    0.0015500000000000002    0.005608                 19.57131309757795
0.0024375                 0.0015500000000000002    0.005608000000000001     35.78396977701469
0.002375                  0.0015500000000000002    0.005608000000000001     36.844120108835206
0.0025                    0.001491666666666667     0.005608000000000001     22.9642079161503
0.0024375000000000004     0.001491666666666667     0.005608000000000001     27.499891400693492
0.0025                    0.0014333333333333336    0.005608000000000001     -5.168437090996395
0.0019354009108757402     0.0012544340293143587    0.005608                 5.259072923043144
0.0020059757970162725     0.0012767964423167305    0.005608                 24.09012790100859
0.0019434757970162727     0.001335129775650064     0.005608                 -3.8363492279965072
0.0020140506831568053     0.0013574921886524358    0.005608                 7.719239375985418
0.0020765506831568054     0.0012991588553191023    0.005608                 10.483377934822323
0.0020846255692973377     0.0013798546016548076    0.005608000000000001     -0.7756877590007156
0.0021471255692973373     0.0013215212683214744    0.005608                 0.00303283968648671
0.00215520045543787       0.0014022170146571796    0.005608                 -5.5125394144429585
0.00221770045543787       0.001343883681323846     0.005608                 -7.350907384399082
0.002225775341578403      0.0014245794276595513    0.005608                 -6.491315590341311
0.002288275341578403      0.001366246094326218     0.005608                 -11.578442737434226
0.0022963502277189352     0.0014469418406619233    0.005608000000000001     -3.7120162866958015
0.002358850227718935      0.0013886085073285899    0.005608                 -12.679573219419089
0.0023669251138594676     0.0014693042536642951    0.005608000000000001     2.825358496493656
0.0024294251138594677     0.0014109709203309617    0.005608000000000001     -10.654298830353527
0.0019515506831568052     0.0014158255219857692    0.005608                 -9.154592348885217
0.0020221255692973376     0.0014381879349881408    0.005608000000000001     -8.601605092445409
0.00209270045543787       0.0014605503479905128    0.005608000000000001     -10.059112280800232
0.002163275341578403      0.0014829127609928849    0.005608                 -7.7585439896114465
0.002233850227718935      0.0015052751739952565    0.005608000000000001     -1.6999002188784313
0.0023044251138594676     0.0015276375869976285    0.005608000000000001     8.116819031398247
0.001959625569297338      0.0014965212683214742    0.005608000000000001     -12.42783724509681
0.0020302004554378704     0.001518883681323846     0.005608000000000001     -23.06888496873231
0.0021007753415784028     0.0015412460943262179    0.005608000000000001     -17.488972210455763
0.002171350227718935      0.00156360850732859      0.005608000000000001     -8.150983972635554
0.0022419251138594675     0.0015859709203309615    0.005608000000000001     4.945079744728544
0.0019677004554378703     0.0015772170146571794    0.005608000000000001     -13.656083916630394
0.0020382753415784027     0.0015995794276595513    0.005608000000000001     -35.6826002528746
0.0021088502277189355     0.0016219418406619231    0.005608000000000001     -23.065267547967146
0.0021794251138594675     0.001644304253664295     0.005608000000000001     -6.689859363515795
0.0019757753415784026     0.0016579127609928847    0.005608000000000001     -12.839332363486136
0.0020463502277189355     0.0016802751739952565    0.005608000000000002     -46.44275094487331
0.002116925113859468      0.0017026375869976284    0.005608000000000002     -26.787998293334482
0.0019838502277189354     0.0017386085073285897    0.005608000000000002     -9.977582585664067
0.002054425113859468      0.0017609709203309616    0.005608000000000002     -55.349337044727754
0.001991925113859468      0.001819304253664295     0.005608000000000002     -5.0708345831643555
0.0025                    9.666666666666667E-4     0.005608                 -15.822072568823923
0.0025                    0.001025                 0.005608                 -18.13242354164612
0.002454656487906786      9.664602461865056E-4     0.005608                 -12.129157769121726
0.0024546564879067857     0.001024793579519839     0.005608                 -15.404362866591157
0.0025                    0.0010833333333333333    0.005608                 -20.505566044327793
0.002454656487906786      0.0010831269128531724    0.005608000000000001     -18.75980145060919
0.0025                    0.0011416666666666667    0.005608                 -22.941500076868692
0.002454656487906786      0.0011414602461865058    0.005608                 -22.1780315644869
0.0025                    0.0012000000000000001    0.005608                 -25.4402256392691
0.002454656487906786      0.001199793579519839     0.005608                 -25.65905320822378
0.0025                    0.0012583333333333335    0.005608                 -28.00174273152868
0.002454656487906786      0.0012581269128531724    0.005608000000000001     -29.202866381820172
0.0025                    0.001316666666666667     0.005608                 -30.626051353648222
0.0024546564879067857     0.0013164602461865058    0.005608000000000001     -32.809471085276016
0.0025                    0.0013750000000000001    0.005608000000000001     -33.31315150562642
0.002454656487906786      0.0013747935795198393    0.005608000000000001     -25.9299856258597
0.002409312975813572      9.662538257063446E-4     0.005608                 -8.428828383786817
0.002409312975813572      0.001024587159039678     0.005608                 -12.669349427134307
0.002409312975813572      0.0010829204923730113    0.005608                 -17.007084092489094
0.002409312975813572      0.0011412538257063447    0.005608                 -21.407610287703392
0.002409312975813572      0.001199587159039678     0.005608                 -25.870928012776915
0.002409312975813572      0.0012579204923730113    0.005608                 -30.397037267709948
0.002409312975813572      0.0013162538257063447    0.005608                 -27.323490672199114
0.002363969463720358      9.660474052261836E-4     0.005608                 -4.721084412819206
0.002363969463720358      0.001024380738559517     0.005608                 -9.927383223275854
0.002363969463720358      0.0010827140718928502    0.005608                 -15.247413969967283
0.002363969463720358      0.0011410474052261836    0.005608                 -20.630236246518166
0.002363969463720358      0.001199380738559517     0.005608                 -26.07585005292833
0.002363969463720358      0.0012577140718928502    0.005608                 -25.758058270818054
0.002318625951627144      9.658409847460225E-4     0.005608                 -1.0059258562188895
0.002318625951627144      0.001024174318079356     0.005608                 -7.17846425501574
0.002318625951627144      0.0010825076514126893    0.005608                 -13.480791083043698
0.002318625951627144      0.0011408409847460227    0.005608                 -19.84590944093111
0.002318625951627144      0.001199174318079356     0.005608                 -21.233688421716465
0.0022732824395339303     9.656345642658615E-4     0.005608                 2.716647286014132
0.0022732824395339303     0.0010239678975991948    0.005608                 -4.422592522353938
0.0022732824395339303     0.0010823012309325282    0.005608                 -11.707215431718737
0.0022732824395339303     0.0011406345642658616    0.005608                 -13.75038112489443
0.0022279389274407163     9.654281437857005E-4     0.005608                 6.446635013879856
0.0022279389274407163     0.0010237614771190337    0.005608                 -1.6597680252904459
0.0022279389274407163     0.0010820948104523671    0.005608                 -3.3081363803520665
0.0021825954153475023     9.652217233055395E-4     0.005608                 10.184037327378288
0.0021825954153475023     0.0010235550566388728    0.005608                 10.093045811910727
0.0021372519032542884     9.650153028253784E-4     0.005608                 6.466382882417181
0.0019606322849230586     0.0012182566885032362    0.005608                 32.319495495839256
0.0020312071710635914     0.001240619101505608     0.005608                 26.5028485178941
0.0019858636589703774     0.0011820793476921135    0.005608                 39.190108540084154
0.0020564385451109094     0.0012044417606944854    0.005608                 29.160793811051803
0.0020110950330176954     0.001145902006880991     0.005608                 43.70358632186881
0.0020816699191582282     0.001168264419883363     0.005608                 30.26044324493005
0.0020363264070650143     0.0011097246660698686    0.005608                 45.85992884119307
0.0021069012932055466     0.0011320870790722404    0.005608                 29.80179681952864
0.002061557781112333      0.001073547325258746     0.005608                 45.65913609805719
0.002132132667252865      0.001095909738261118     0.005608                 27.784854534847472
0.002086789155159651      0.0010373699844476235    0.005608                 43.10120809246102
0.0021573640413001835     0.0010597323974499953    0.005608                 24.209616390887035
0.00211202052920697       0.001001192643636501     0.005608                 38.1861448244047
0.0021017820572041238     0.0012629815145079799    0.005608000000000001     13.285354119665001
0.002127013431251442      0.0012268041736968574    0.005608                 14.406957865348584
0.0021522448052987606     0.0011906268328857347    0.005608                 13.970265751752613
0.0021774761793460795     0.0011544494920746123    0.005608                 11.975277778877235
0.002202707553393398      0.0011182721512634898    0.005608000000000001     8.421993946722356
0.002172356943344656      0.0012853439275103517    0.005608                 2.562593983992559
0.0021975883173919746     0.0012491665866992293    0.005608                 2.147856182202217
0.002222819691439293      0.0012129892458881066    0.005608                 0.1748225211322648
0.002248051065486612      0.0011768119050769841    0.005608                 -3.356506999217184
0.002242931829485189      0.0013077063405127235    0.005608                 -5.665431889122981
0.002268163203532507      0.001271528999701601     0.005608                 -7.616511238387421
0.002293394577579826      0.0012353516588904786    0.005608                 -11.12588644693124
0.002313506715625721      0.0013300687535150954    0.005608                 -11.398723499681708
0.0023387380896730398     0.001293891412703973     0.005608                 -14.886144396419958
0.0023840816017662537     0.0013524311665174674    0.005608                 -14.63728084768345
0.0018896276406264224     0.001272779192179401     0.005608                 -18.274696410812396
0.001897702526766955      0.0013534749385151063    0.005608                 -16.433916153764585
0.0019057774129074875     0.0014341706848508115    0.005608000000000001     -9.140374015293219
0.00191385229904802       0.0015148664311865165    0.005608000000000001     0.38959998038831145
0.0019219271851885526     0.0015955621775222218    0.005608000000000001     12.156005833282734
0.0019300020713290849     0.001676257923857927     0.005608000000000002     26.15884354338732
0.0019380769574696176     0.001756953670193632     0.005608000000000002     42.398113110704
0.0019461518436101502     0.0018376494165293373    0.005608000000000002     15.691093924609259
0.0018438543703771049     0.0012911243550444433    0.005608                 -6.568502188779846
0.0018519292565176372     0.0013718201013801488    0.005608                 -7.806558172433029
0.00186000414265817       0.0014525158477158538    0.005608                 -5.941252068775157
0.0018680790287987025     0.0015332115940515588    0.005608                 -1.839514107905643
0.001876153914939235      0.0016139073403872643    0.005608000000000002     4.498655710174489
0.0018842288010797674     0.0016946030867229693    0.005608000000000002     13.07325738546615
0.0018923036872203        0.0017752988330586744    0.005608000000000002     -11.76492340875997
0.001798081100127787      0.0013094695179094859    0.005608                 2.5824822857100145
0.0018061559862683194     0.0013901652642451911    0.005608                 -1.7628665025137025
0.0018142308724088522     0.0014708610105808964    0.005608                 -5.325796433668529
0.0018223057585493845     0.0015515567569166014    0.005608                 -6.652294507612623
0.001830380644689917      0.0016322525032523066    0.005608000000000001     -5.74236072434519
0.0018384555308304496     0.0017129482495880119    0.005608000000000001     -28.181764116148305
0.0017523078298784692     0.0013278146807745282    0.005608                 9.178257012657497
0.001760382716019002      0.0014085104271102334    0.005608                 1.6971588559936208
0.0017684576021595342     0.0014892061734459385    0.005608                 -7.294007109975269
0.001776532488300067      0.0015699019197816437    0.005608000000000001     -14.04874121873172
0.0017846073744405993     0.001650597666117349     0.005608000000000001     -33.559428197556315
0.0017065345596291516     0.0013461598436395705    0.005608                 13.218821992062757
0.0017146094457696842     0.0014268555899752758    0.005608                 2.5735179030884865
0.0017226843319102167     0.001507551336310981     0.005608000000000001     -11.84588409769242
0.0017307592180507492     0.001588247082646686     0.005608000000000001     -27.89791565298383
0.0016607612893798336     0.001364505006504613     0.005608                 14.704177223925726
0.0016688361755203664     0.0014452007528403183    0.005608                 0.8662106387719177
0.0016769110616608987     0.0015258964991760235    0.005608                 -11.197226482430793
0.0016149880191305161     0.0013828501693696554    0.005608                 13.634322708246117
0.0016230629052710486     0.0014635459157053606    0.005608                 16.542639314103223
0.0015692147488811984     0.0014011953322346977    0.005608                 27.54395239110616
8.124562499286845E-4      7.96766623198248E-4      0.005608                 11.269587593460757
8.358992186875989E-4      7.596707952984669E-4     0.005608                 28.402296692288253
8.593158846330676E-4      8.124721127806757E-4     0.005608                 26.068284045102864
8.827588533919821E-4      7.753762848808947E-4     0.005608                 27.651566464915767
8.593421874465135E-4      7.225749673986859E-4     0.005607999999999999     30.888117109980946
9.062018221508965E-4      7.382804569811138E-4     0.005608                 27.125350001717734
8.82785156205428E-4       6.85479139498905E-4      0.005608                 31.318922554438142
9.29644790909811E-4       7.011846290813328E-4     0.005608                 24.49560297060583
9.062281249643424E-4      6.48383311599124E-4      0.005608                 29.694713025661056
9.530877596687255E-4      6.640888011815517E-4     0.005608                 19.76232537158023
9.296710937232568E-4      6.11287483699343E-4      0.005607999999999999     26.015488523648298
9.7653072842764E-4        6.269929732817708E-4     0.005608                 12.925517204641208
9.531140624821714E-4      5.741916557995619E-4     0.005608                 20.281249048401243
9.999736971865545E-4      5.898971453819898E-4     0.005608                 3.9851784697877726
9.765570312410857E-4      5.37095827899781E-4      0.005607999999999999     12.49199459991902
0.001023416665945469      5.528013174822088E-4     0.005607999999999999     -9.859373879533965
0.0010000000000000002     5.0E-4                   0.005607999999999999     1.7651501188011478
9.061755193374508E-4      8.281776023631034E-4     0.005608                 16.60572865680796
9.296184880963653E-4      7.910817744633226E-4     0.005608                 16.58246984313865
9.530614568552797E-4      7.539859465635415E-4     0.005608                 14.265016511847666
9.765044256141942E-4      7.168901186637605E-4     0.005608                 9.844032612643232
9.999473943731086E-4      6.797942907639796E-4     0.005608                 3.3195181455249303
0.001023390363132023      6.426984628641985E-4     0.005608                 -5.308526889507217
0.0010468333318909375     6.056026349644176E-4     0.005608                 -18.476027008967588
9.530351540418341E-4      8.438830919455314E-4     0.005608                 8.926302382522803
9.764781228007483E-4      8.067872640457503E-4     0.005608                 7.40715958299835
9.999210915596628E-4      7.696914361459694E-4     0.005607999999999999     3.298469383614666
0.0010233640603185773     7.325956082461884E-4     0.005608                 -2.9137513836825213
0.0010468070290774918     6.954997803464074E-4     0.005607999999999999     -11.22950271889378
0.0010702499978364063     6.584039524466265E-4     0.005607999999999999     -23.202234210099537
9.99894788746217E-4       8.595885815279591E-4     0.005608                 3.030005222247649
0.0010233377575051316     8.224927536281781E-4     0.005608                 0.12563568449495238
0.001046780726264046      7.853969257283972E-4     0.005608                 -5.774291382981602
0.0010702236950229605     7.483010978286161E-4     0.005608                 -13.777749018371463
0.001093666663781875      7.112052699288352E-4     0.005608                 -24.037995482929492
0.0010467544234506        8.752940711103869E-4     0.005608                 -1.0831628240175946
0.0010701973922095146     8.381982432106059E-4     0.005608                 -5.262101852371602
0.001093640360968429      8.011024153108249E-4     0.005608                 -12.953265787940655
0.0011170833297273436     7.640065874110439E-4     0.005608                 -20.983310827457277
0.0010936140581549833     8.909995606928148E-4     0.005608                 -3.4132017562725254
0.0011170570269138978     8.539037327930338E-4     0.005608                 -8.756053027600945
0.0011404999956728123     8.168079048932528E-4     0.005607999999999999     -14.038180243683296
0.0011404736928593666     9.067050502752426E-4     0.005608                 -3.9601115745179607
0.001163916661618281      8.696092223754615E-4     0.005608                 -3.202603731607272
0.0011873333275637496     9.224105398576703E-4     0.005608                 9.544320186016323
0.0010895514419431407     0.0014201846121003978    0.005608                 19.373312524886824
0.0011017741776457167     0.001357962853070057     0.005608                 31.98037059869553
0.0011495093553103978     0.0014178109521171853    0.005608                 -9.291060955451316
0.001161732091012974      0.0013555891930868444    0.005608                 3.377630654764154
0.001113996913348293      0.001295741094039716     0.005608                 38.564604310987285
0.00117395482671555       0.0012933674340565033    0.005608                 15.285838441784335
0.0011262196490508692     0.001233519335009375     0.005608                 42.708747043531574
0.0011861775624181262     0.0012311456750261625    0.005608                 24.57721746725406
0.0011384423847534452     0.001171297575979034     0.005608                 44.41279879632834
0.0011984002981207022     0.0011689239159958216    0.005608                 31.251767731173246
0.0011506651204560212     0.001109075816948693     0.005608                 43.67675956937724
0.0012106230338232782     0.0011067021569654805    0.005608                 35.309489233541186
0.0011628878561585974     0.0010468540579183522    0.005608                 40.50062936267896
0.0012228457695258545     0.0010444803979351397    0.005608                 36.7503819743585
0.0011751105918611736     9.846322988880112E-4     0.005608                 34.88440817623274
0.0012350685052284307     9.822586389047988E-4     0.005608                 5.372325860695501
0.001209467268677655      0.0014154372921339727    0.005608                 -6.707922887278682
0.0012216900043802313     0.001353215533103632     0.005608                 -0.37985460917228053
0.0012339127400828073     0.001290993774073291     0.005608                 4.674993018236918
0.0012461354757853835     0.00122877201504295      0.005608                 7.113011884095201
0.0012583582114879595     0.001166550256012609     0.005608                 6.93420198840262
0.0012705809471905357     0.0011043284969822682    0.005608                 4.138563331159631
0.0012828036828931117     0.001042106737951927     0.005608                 -21.29826121369638
0.0012694251820449124     0.0014130636321507603    0.005608                 -4.623694127688756
0.0012816479177474884     0.0013508418731204195    0.005608                 -4.656420927018029
0.0012938706534500646     0.0012886201140900784    0.005608                 -6.454933459220236
0.0013060933891526406     0.0012263983550597375    0.005608                 -10.87027475297279
0.0013183161248552168     0.0011641765960293967    0.005608                 -17.902444808277487
0.0013305388605577928     0.0011019548369990556    0.005608                 -37.900230749932135
0.0013293830954121694     0.0014106899721675478    0.005608                 -3.0383746766814195
0.0013416058311147457     0.001348468213137207     0.005608                 -9.452068298773007
0.0013538285668173219     0.0012862464541068658    0.005608                 -18.103940990586757
0.0013660513025198979     0.001224024695076525     0.005608                 -29.372642443950973
0.0013782740382224739     0.0011618029360461841    0.005608                 -44.4335827480114
0.0013893410087794267     0.0014083163121843352    0.005608                 -1.9519645342567944
0.001401563744482003      0.0013460945531539943    0.005608                 -14.766796724437988
0.001413786480184579      0.0012838727941236533    0.005608                 -30.272029575862383
0.0014260092158871552     0.0012216510350933124    0.005608                 -40.898317207934625
0.001449298922146684      0.0014059426522011228    0.005608                 -1.3644637004147815
0.00146152165784926       0.0013437208931707818    0.005608                 -20.60060620401179
0.001473744393551836      0.001281499134140441     0.005608                 -27.294434129701475
0.0015092568355139413     0.0014035689922179103    0.005608                 -1.2758721751554323
0.0015214795712165173     0.0013413472331875694    0.005608                 -3.6219335133121966
8.328618602814163E-4      0.001072378110178123     0.005608                 -10.75568664832738
8.303111589873249E-4      0.0010379266743056387    0.005608                 11.352065024279558
8.771707936917079E-4      0.0010536321638880664    0.005608                 13.68850333571719
8.746200923976165E-4      0.001019180728015582     0.005608                 16.44435714914416
8.277604576932333E-4      0.0010034752384331543    0.005608                 10.879147139665228
8.720693911035251E-4      9.847292921430979E-4     0.005608                 17.748166117791527
8.252097563991418E-4      9.690238025606699E-4     0.005608                 10.54212448467931
8.695186898094334E-4      9.502778562706132E-4     0.005608                 19.17164873770389
8.226590551050504E-4      9.345723666881855E-4     0.005608                 10.340997059321875
8.66967988515342E-4       9.158264203981289E-4     0.005608                 20.714805008881598
8.20108353810959E-4       9.001209308157011E-4     0.005608                 10.275764863592844
8.644172872212506E-4      8.813749845256446E-4     0.005608                 22.377634931324508
8.175576525168675E-4      8.656694949432167E-4     0.005608                 10.34642789749227
8.618665859271592E-4      8.469235486531601E-4     0.005608                 24.16013850503242
8.15006951222776E-4       8.312180590707324E-4     0.005608                 10.55298616102014
9.214797271019996E-4      0.0010348862175980098    0.005608                 15.616399978352966
9.189290258079082E-4      0.0010004347817255256    0.005608                 17.409107300050028
9.163783245138167E-4      9.65983345853041E-4      0.005608                 16.970951478929706
9.138276232197252E-4      9.315319099805566E-4     0.005608                 16.652469309074576
9.112769219256337E-4      8.970804741080722E-4     0.005608                 16.453660790484662
9.087262206315423E-4      8.62629038235588E-4      0.005608                 16.37452592315981
9.657886605122913E-4      0.0010161402713079533    0.005608                 15.40021313567454
9.632379592181999E-4      9.81688835435469E-4      0.005608                 16.442726086538435
9.606872579241083E-4      9.472373995629846E-4     0.005608                 14.262605475650503
9.581365566300169E-4      9.127859636905002E-4     0.005608                 12.20215851602768
9.555858553359255E-4      8.783345278180158E-4     0.005608                 10.261385207670173
0.001010097593922583      9.973943250178967E-4     0.005608                 13.039942807682031
0.0010075468926284915     9.629428891454123E-4     0.005608                 13.54521350860924
0.0010049961913344        9.284914532729279E-4     0.005608                 9.623128107953733
0.0010024454900403085     8.940400174004435E-4     0.005608                 5.820716358563374
0.0010544065273328746     9.7864837872784E-4       0.005608                 8.535588994375168
0.0010518558260387831     9.441969428553557E-4     0.005608                 8.7165695662626
0.0010493051247446915     9.097455069828713E-4     0.005608                 3.0525193758394664
0.0010987154607431664     9.599024324377836E-4     0.005608                 1.8871516957542624
0.0010961647594490748     9.254509965652992E-4     0.005608                 1.9567942594984515
0.001143024394153458      9.41156486147727E-4      0.005608                 -6.905369088180986
8.649480579891319E-4      0.0011158539229184075    0.005608                 -35.815645176331884
9.092569913994235E-4      0.0010971079766283506    0.005608                 6.922899808477013
9.535659248097151E-4      0.0010783620303382942    0.005608                 9.967639727782313
9.97874858220007E-4       0.0010596160840482378    0.005608                 10.655344040876798
0.0010421837916302986     0.001040870137758181     0.005608                 8.98601274776027
0.0010864927250405902     0.0010221241914681245    0.005608                 4.959645848432842
0.001130801658450882      0.001003378245178068     0.005608                 -1.423756657105514
8.970342556968474E-4      0.0011593297356586917    0.005608                 -38.15802690645468
9.41343189107139E-4       0.0011405837893686353    0.005608                 5.614020334962447
9.856521225174307E-4      0.0011218378430785786    0.005608                 10.55442182897491
0.0010299610559277223     0.001103091896788522     0.005608                 13.137787716776472
0.001074269989338014      0.0010843459504984653    0.005608                 13.364117998366908
0.0011185789227483056     0.0010656000042084087    0.005608                 11.233412673746898
9.291204534045629E-4      0.0012028055483989761    0.005608                 -36.872571975729485
9.734293868148545E-4      0.0011840596021089195    0.005608                 8.190146419128553
0.0010177383202251463     0.0011653136558188628    0.005608                 15.026209487848178
0.001062047253635438      0.0011465677095288064    0.005608                 19.50523695035679
0.0011063561870457296     0.0011278217632387498    0.005608                 21.6272288066545
9.612066511122785E-4      0.0012462813611392605    0.005608                 -31.959280384156024
0.0010055155845225701     0.0012275354148492037    0.005608                 14.6512780609753
0.001049824517932862      0.0012087894685591473    0.005608                 23.3830027044022
0.0010941334513431536     0.0011900435222690908    0.005608                 29.757691741617805
9.932928488199941E-4      0.0012897571738795448    0.005608                 -23.41815213173471
0.0010376017822302857     0.0012710112275894883    0.005608                 24.997415260502635
0.0010819107156405773     0.0012522652812994315    0.005608                 35.62480147863664
0.0010253790465277095     0.0013332329866198292    0.005608                 -11.24918721846526
0.0010696879799380013     0.0013144870403297725    0.005608                 39.22855801771095
0.0010574652442354251     0.0013767087993601134    0.005608                 4.547614355652227
7.912541277462393E-4      0.0011174975130725244    0.005608                 -25.530610055203862
8.233403254539549E-4      0.0011609733258128086    0.005608                 -51.905025288010776
8.554265231616703E-4      0.001204449138553093     0.005608                 -53.178982352093584
8.875127208693859E-4      0.0012479249512933773    0.005608                 -51.08227165216118
9.195989185771015E-4      0.0012914007640336617    0.005608                 -45.614893188212896
9.516851162848171E-4      0.0013348765767739461    0.005608                 -36.77684696024944
9.837713139925325E-4      0.0013783523895142303    0.005608                 -24.56813296827063
0.0010158575117002481     0.0014218282022545148    0.005608                 -9.563617306920216
7.496463952110622E-4      0.0011626169159669256    0.005608                 -9.99919670481792
7.817325929187778E-4      0.00120609272870721      0.005608                 -33.85984893380616
8.138187906264933E-4      0.0012495685414474944    0.005608                 -34.92754064994803
8.459049883342088E-4      0.0012930443541877786    0.005608                 -32.6245646020744
8.779911860419244E-4      0.001336520166928063     0.005608                 -26.950920790185307
9.1007738374964E-4        0.0013799959796683473    0.005608                 -17.906609214280955
9.421635814573556E-4      0.0014234717924086317    0.005608                 -5.845441927527544
7.080386626758851E-4      0.001207736318861327     0.005608                 3.4388098473856985
7.401248603836007E-4      0.0012512121316016114    0.005608                 -19.016885573011074
7.722110580913163E-4      0.0012946879443418956    0.005608                 -19.878311941211845
8.042972557990317E-4      0.00133816375708218      0.005608                 -17.369070545397243
8.363834535067474E-4      0.0013816395698224644    0.005608                 -11.489161385567268
8.68469651214463E-4       0.0014251153825627486    0.005608                 -2.371446036045634
6.664309301407081E-4      0.0012528557217557283    0.005608                 14.783409601407008
6.985171278484237E-4      0.0012963315344960125    0.005608                 -7.376135205625452
7.306033255561393E-4      0.001339807347236297     0.005608                 -8.031296225885065
7.626895232638548E-4      0.0013832831599765814    0.005608                 -5.315789482129418
7.947757209715704E-4      0.0014267589727168656    0.005608                 0.8583703675255691
6.248231976055312E-4      0.0012979751246501295    0.005608                 24.03460255724579
6.569093953132467E-4      0.0013414509373904139    0.005608                 1.0624021683509604
6.889955930209622E-4      0.0013849267501306983    0.005608                 0.6135064960322136
7.210817907286778E-4      0.0014284025628709825    0.005608                 3.8440072831860257
5.832154650703541E-4      0.0013430945275445308    0.005608                 31.192388714902364
6.153016627780696E-4      0.0013865703402848152    0.005608                 6.298726548917973
6.473878604857852E-4      0.0014300461530250995    0.005608                 6.585464710935776
5.41607732535177E-4       0.001388213930438932     0.005608                 36.25676807437641
5.736939302428926E-4      0.0014316897431792164    0.005608                 9.082742650774758
5.0E-4                    0.0014333333333333333    0.005608                 33.649570869665176
0.001078357511700248      0.0014801615355878482    0.005608                 51.05838207034583
0.0010046635814573556     0.0014818051257419651    0.005608                 -1.2251428448233952
0.0010671635814573557     0.0015401384590752985    0.005608                 53.6071408265215
9.93469651214463E-4       0.0015417820492294153    0.005608                 6.312342408080031
0.001055969651214463      0.0016001153825627487    0.005608                 54.167069584776925
9.822757209715703E-4      0.0016017589727168656    0.005608                 12.473972357146273
0.0010447757209715704     0.001660092306050199     0.005608                 52.73816834511103
9.710817907286778E-4      0.001661735896204316     0.005608                 17.259747002375313
0.0010335817907286778     0.0017200692295376494    0.005608                 49.32043710752478
9.598878604857853E-4      0.0017217128196917663    0.005608                 20.669666343767144
0.001022387860485785      0.0017800461530250995    0.005608                 43.9138758720177
9.486939302428927E-4      0.0017816897431792164    0.005608                 22.703730381321925
0.0010111939302428926     0.0018400230765125499    0.005608                 36.518484638589754
9.375E-4                  0.0018416666666666668    0.005608                 4.890766614498169
0.001                     0.0019000000000000002    0.005608                 18.08950893816046
9.30969651214463E-4       0.001483448715896082     0.005608                 -1.7618817665755184
9.197757209715704E-4      0.0015434256393835324    0.005608                 1.2996351437058529
9.085817907286778E-4      0.0016034025628709825    0.005608                 2.9852967501500345
8.973878604857852E-4      0.001663379486358433     0.005608                 3.2951030527569927
8.861939302428926E-4      0.0017233564098458832    0.005608                 2.2290540515268127
8.75E-4                   0.0017833333333333334    0.005608                 -10.963976176873672
8.572757209715704E-4      0.001485092306050199     0.005608                 -2.5429037388730524
8.460817907286777E-4      0.0015450692295376491    0.005608                 -3.957355171213772
8.348878604857851E-4      0.0016050461530250995    0.005608                 -6.747661907391667
8.236939302428926E-4      0.0016650230765125498    0.005608                 -10.913823947406863
8.125000000000001E-4      0.0017250000000000002    0.005608                 -20.429964966875712
7.835817907286778E-4      0.001486735896204316     0.005608                 -3.5682087617160665
7.723878604857852E-4      0.0015467128196917663    0.005608                 -9.45862853667889
7.611939302428926E-4      0.0016066897431792164    0.005608                 -16.724903615478873
7.5E-4                    0.0016666666666666668    0.005608                 -23.50719975550784
7.098878604857852E-4      0.0014883794863584329    0.005608                 -4.837796835104561
6.986939302428926E-4      0.0015483564098458832    0.005608                 -15.204184952689483
6.875E-4                  0.0016083333333333334    0.005608                 -20.195680542770017
6.361939302428927E-4      0.0014900230765125498    0.005608                 -6.35166795903851
6.25E-4                   0.0015500000000000002    0.005608                 -10.495407328662537
5.625000000000001E-4      0.0014916666666666667    0.005608                 5.593619886814956
4.999999999999999E-4      9.666666666666667E-4     0.005607999999999999     -18.164898375646757
5.41607732535177E-4       9.798805971055987E-4     0.005607999999999999     -20.09213537686365
4.999999999999999E-4      0.0010249999999999999    0.005607999999999999     -12.933615981678749
5.41607732535177E-4       0.0010382139304389321    0.005608                 -12.807523285519114
5.83215465070354E-4       9.930945275445308E-4     0.005608                 -18.89370302554928
5.83215465070354E-4       0.0010514278608778642    0.005608                 -12.288566424689671
6.24823197605531E-4       0.0010063084579834628    0.005607999999999999     -17.250121563812474
6.248231976055312E-4      0.0010646417913167962    0.005608                 -11.376745399190332
6.664309301407081E-4      0.0010195223884223949    0.005608                 -15.161390991653342
6.664309301407081E-4      0.001077855721755728     0.005608                 -10.072060209021275
7.080386626758851E-4      0.001032736318861327     0.005608                 -12.627511309071831
7.080386626758851E-4      0.0010910696521946603    0.005608                 -8.374510854182446
7.496463952110622E-4      0.001045950249300259     0.005607999999999999     -9.648482516067865
7.496463952110621E-4      0.0011042835826335922    0.005608                 -6.284097334673758
7.912541277462392E-4      0.001059164179739191     0.005608                 -6.224304612641608
4.999999999999999E-4      0.0010833333333333333    0.005608                 -2.742883118907997
5.41607732535177E-4       0.0010965472637722655    0.005608                 -1.697380336762258
5.83215465070354E-4       0.0011097611942111974    0.005608                 -0.25901338994680884
6.24823197605531E-4       0.0011229751246501294    0.005608                 1.5722177215385555
6.664309301407081E-4      0.0011361890550890615    0.005608                 3.7963129976936365
7.080386626758851E-4      0.0011494029855279937    0.005608                 6.41327243851852
5.0E-4                    0.0011416666666666667    0.005607999999999999     7.909205148209651
5.41607732535177E-4       0.0011548805971055987    0.005607999999999999     9.87411801634141
5.83215465070354E-4       0.0011680945275445308    0.005608                 12.231895049142976
6.248231976055312E-4      0.0011813084579834628    0.005607999999999999     14.982536246614313
6.664309301407081E-4      0.0011945223884223949    0.005608                 18.126041608755408
5.0E-4                    0.0012000000000000001    0.005608                 19.022648819674245
5.41607732535177E-4       0.001213213930438932     0.005608                 21.906971773791934
5.832154650703541E-4      0.0012264278608778642    0.005608                 25.184158892579646
6.248231976055312E-4      0.001239641791316796     0.005608                 28.85421017603698
5.0E-4                    0.0012583333333333333    0.005608                 30.597447895485686
5.41607732535177E-4       0.0012715472637722654    0.005608                 34.401180935589466
5.832154650703541E-4      0.0012847611942111974    0.005608                 38.5977781403631
5.0E-4                    0.0013166666666666667    0.005607999999999999     42.63360237564392
5.41607732535177E-4       0.0013298805971055988    0.005608                 47.356745501733826
5.0E-4                    0.001375                 0.005608                 55.13111226014909
7.887034264521477E-4      0.0010247127438667066    0.005608                 4.05136100651117
7.470956939169707E-4      0.0010114988134277746    0.005608                 -0.5554983455411853
7.054879613817937E-4      9.982848829888425E-4     0.005608                 -4.664923641418479
6.638802288466167E-4      9.850709525499105E-4     0.005608                 -8.276914881120753
6.222724963114395E-4      9.718570221109785E-4     0.005608                 -11.39147206464811
5.806647637762626E-4      9.586430916720464E-4     0.005608                 -14.008595192000444
5.390570312410855E-4      9.454291612331143E-4     0.005607999999999999     -13.634814703298087
7.861527251580562E-4      9.902613079942222E-4     0.005608                 0.7373803354755049
7.445449926228793E-4      9.770473775552902E-4     0.005608                 -3.1918501599688334
7.029372600877022E-4      9.638334471163581E-4     0.005608                 -6.623646599238166
6.613295275525251E-4      9.506195166774261E-4     0.005608                 -9.558008982332494
6.197217950173481E-4      9.37405586238494E-4      0.005608                 -11.99493730925186
5.78114062482171E-4       9.24191655799562E-4      0.005608                 -11.950598202638217
7.836020238639648E-4      9.558098721217378E-4     0.005608                 -2.4244835275684737
7.419942913287879E-4      9.425959416828058E-4     0.005607999999999999     -5.676085166404794
7.003865587936107E-4      9.293820112438738E-4     0.005608                 -8.43025274906611
6.587788262584337E-4      9.161680808049417E-4     0.005607999999999999     -10.686986275552478
6.171710937232567E-4      9.029541503660097E-4     0.005607999999999999     -10.863201341439131
7.810513225698734E-4      9.213584362492535E-4     0.005608                 -5.434230582620624
7.394435900346963E-4      9.081445058103214E-4     0.005608                 -8.008203364849068
6.978358574995193E-4      8.949305753713894E-4     0.005608                 -10.084742090902367
6.562281249643423E-4      8.817166449324573E-4     0.005608                 -10.372624119700841
7.78500621275782E-4       8.869070003767691E-4     0.005608                 -8.291860829681145
7.368928887406049E-4      8.73693069937837E-4      0.005608                 -10.188204755301516
6.952851562054278E-4      8.60479139498905E-4      0.005608                 -10.478866537423452
7.759499199816904E-4      8.524555645042847E-4     0.005608                 -10.99737426874998
7.343421874465134E-4      8.392416340653526E-4     0.005607999999999999     -11.181928594606765
7.733992186875989E-4      8.180041286318003E-4     0.005608                 -12.481810291250945
5.0E-4                    0.0019                   0.005608                 0
5.0E-4                    0.0018416666666666666    0.005608                 7.719491866988171
5.625000000000001E-4      0.0019                   0.005608                 -1.031802446362917E-13
5.625000000000001E-4      0.0018416666666666668    0.005608                 4.6766493308408785
5.0E-4                    0.0017833333333333334    0.005608                 14.799008333560195
5.625000000000001E-4      0.0017833333333333334    0.005608                 8.71332326126571
5.0E-4                    0.001725                 0.005608                 21.23854939971609
5.625000000000001E-4      0.0017250000000000002    0.005608                 12.110021791274399
5.0E-4                    0.0016666666666666666    0.005608                 27.038115065455838
5.625000000000001E-4      0.0016666666666666668    0.005608                 14.86674492086704
5.0E-4                    0.0016083333333333334    0.005608                 32.19770533077944
5.625000000000001E-4      0.0016083333333333334    0.005608                 16.98349265004345
5.0E-4                    0.00155                  0.005608                 36.71732019568687
5.625000000000001E-4      0.0015500000000000002    0.005608                 18.460264978803657
5.0E-4                    0.0014916666666666667    0.005608                 40.596959660178165
6.25E-4                   0.0019000000000000002    0.005608                 -2.141957629539811E-13
6.25E-4                   0.0018416666666666668    0.005608                 1.6338067946936154
6.25E-4                   0.0017833333333333334    0.005608                 2.627638188971284
6.25E-4                   0.001725                 0.005608                 2.9814941828327655
6.25E-4                   0.0016666666666666666    0.005608                 2.6953747762781735
6.25E-4                   0.0016083333333333336    0.005608                 1.769279969307389
6.875E-4                  0.0019                   0.005608                 -2.969353562060968E-13
6.875E-4                  0.0018416666666666668    0.005608                 -1.4090357414536836
6.875E-4                  0.0017833333333333334    0.005608                 -3.458046883323208
6.875E-4                  0.001725                 0.005608                 -6.147033425608903
6.875E-4                  0.0016666666666666666    0.005608                 -9.475995368310668
7.5E-4                    0.0019000000000000002    0.005608                 -3.8500334319951735E-13
7.5E-4                    0.0018416666666666668    0.005608                 -4.451878277600963
7.5E-4                    0.0017833333333333334    0.005608                 -9.543731955617641
7.5E-4                    0.001725                 0.005608                 -15.275561034050515
8.125000000000001E-4      0.0019000000000000002    0.005608                 -4.923367578773291E-13
8.125000000000001E-4      0.0018416666666666668    0.005608                 -7.494720813748238
8.125000000000001E-4      0.0017833333333333334    0.005608                 -15.629417027912124
8.75E-4                   0.0019                   0.005608                 -5.821382582904589E-13
8.75E-4                   0.0018416666666666668    0.005608                 -10.537563349895516
9.375E-4                  0.0019000000000000002    0.005608                 -6.527363019734917E-13
0.002                     5.0E-4                   0.005608                 -6.378269544856123
0.0020625                 5.0E-4                   0.005608                 0
0.002017156487906786      5.581269128531723E-4     0.005608                 -21.79343529298655
0.002079656487906786      5.581269128531723E-4     0.005608                 -14.640816828299648
0.002125                  5.0E-4                   0.005608                 0
0.002142156487906786      5.581269128531723E-4     0.005608                 -10.819566308648916
0.0021875                 5.0E-4                   0.005608                 0
0.002204656487906786      5.581269128531723E-4     0.005608                 -6.998315788998212
0.0022500000000000003     5.0E-4                   0.005608                 0
0.002267156487906786      5.581269128531723E-4     0.005608                 -3.17706526934748
0.0023125000000000003     5.0E-4                   0.005608                 0
0.002329656487906786      5.581269128531723E-4     0.005608                 0.6441852503032806
0.002375                  5.0E-4                   0.005608                 0
0.002392156487906786      5.581269128531723E-4     0.005608                 4.46543576995407
0.0024375000000000004     5.0E-4                   0.005608                 0
0.002454656487906786      5.581269128531723E-4     0.005608                 47.651240842033864
0.0025                    5.0E-4                   0.005608                 45.237832459252104
0.0020343129758135722     6.162538257063446E-4     0.005608                 -31.093323402626055
0.0020968129758135723     6.162538257063446E-4     0.005608                 -26.726561809540954
0.0021593129758135723     6.162538257063446E-4     0.005608                 -19.08406077023932
0.002221812975813572      6.162538257063446E-4     0.005608                 -11.441559730937797
0.002284312975813572      6.162538257063446E-4     0.005608                 -3.799058691636276
0.002346812975813572      6.162538257063446E-4     0.005608                 3.8434423476651887
0.002409312975813572      6.162538257063446E-4     0.005608                 46.64603357228866
0.0020514694637203583     6.74380738559517E-4      0.005608                 -37.46706864620312
0.0021139694637203584     6.74380738559517E-4      0.005608                 -36.25723494372323
0.002176469463720358      6.74380738559517E-4      0.005608                 -24.79348338477098
0.002238969463720358      6.74380738559517E-4      0.005608                 -13.329731825818783
0.002301469463720358      6.74380738559517E-4      0.005608                 -1.8659802668664156
0.002363969463720358      6.74380738559517E-4      0.005608                 42.22221065001645
0.0020686259516271444     7.325076514126893E-4     0.005608                 -40.91467102371725
0.0021311259516271445     7.325076514126893E-4     0.005608                 -43.2328362308474
0.0021936259516271445     7.325076514126893E-4     0.005608                 -27.947834152244127
0.002256125951627144      7.325076514126893E-4     0.005608                 -12.662832073641198
0.002318625951627144      7.325076514126893E-4     0.005608                 34.37977207521723
0.0020857824395339305     7.906345642658616E-4     0.005608                 -41.43613053516857
0.0021482824395339306     7.906345642658616E-4     0.005608                 -47.65336567091231
0.00221078243953393       7.906345642658616E-4     0.005608                 -28.547113072658703
0.0022732824395339303     7.906345642658616E-4     0.005608                 23.118717847890878
0.002102938927440716      8.487614771190338E-4     0.005608                 -39.03144718055697
0.0021654389274407162     8.487614771190338E-4     0.005608                 -49.51882326391916
0.0022279389274407163     8.487614771190338E-4     0.005608                 8.4390479680375
0.0021200954153475023     9.068883899722062E-4     0.005608                 -33.70062095988269
0.0021825954153475023     9.068883899722062E-4     0.005608                 -9.659237564342789
0.0025                    9.083333333333333E-4     0.005608                 -4.179207205205529
0.0024546564879067857     9.081269128531722E-4     0.005608                 0.6100123008299363
0.002409312975813572      9.079204923730113E-4     0.005608                 5.407108213729188
0.002363969463720358      9.077140718928502E-4     0.005608                 10.212080533492173
0.002318625951627144      9.075076514126893E-4     0.005608                 15.024929260118903
0.0022732824395339303     9.073012309325282E-4     0.005608                 19.845654393609337
0.0022279389274407163     9.070948104523671E-4     0.005608                 24.674255933963522
0.0025                    8.5E-4                   0.005608                 7.933472964783505
0.002454656487906786      8.49793579519839E-4      0.005608                 13.836439133841878
0.002409312975813572      8.49587159039678E-4      0.005608                 19.747281709763925
0.002363969463720358      8.493807385595169E-4     0.005608                 25.66600069254976
0.002318625951627144      8.491743180793559E-4     0.005608                 31.592596082199336
0.0022732824395339303     8.489678975991949E-4     0.005608                 37.52706787871264
0.0025                    7.916666666666666E-4     0.005608                 20.515967941143515
0.002454656487906786      7.914602461865055E-4     0.005608                 27.53268077322457
0.002409312975813572      7.912538257063447E-4     0.005608                 34.5572700121695
0.002363969463720358      7.910474052261836E-4     0.005608                 41.58973565797808
0.002318625951627144      7.908409847460225E-4     0.005608                 48.630077710650426
0.0025                    7.333333333333333E-4     0.005608                 33.568277723874075
0.002454656487906786      7.331269128531724E-4     0.005608                 41.69873721897795
0.002409312975813572      7.329204923730113E-4     0.005608                 49.83707312094575
0.002363969463720358      7.327140718928503E-4     0.005608                 57.983285429777226
0.0025                    6.75E-4                  0.005608                 47.090402312975414
0.002454656487906786      6.747935795198389E-4     0.005608                 56.334608471102285
0.002409312975813572      6.74587159039678E-4      0.005608                 65.58669103609273
0.0025                    6.166666666666666E-4     0.005608                 61.0823417084477
0.002454656487906786      6.164602461865056E-4     0.005608                 71.44029452959717
0.0025                    5.583333333333333E-4     0.005608                 75.54409591029051
0.0015                    0.0018999999999999998    0.005608                 16.29769371725129
0.0015086518436101498     0.001837649416529337     0.005608                 33.371632443267124
0.0015625                 0.0019                   0.005608                 -2.424327913166954E-12
0.0015711518436101499     0.001837649416529337     0.005608                 11.856659046501438
0.0015173036872202998     0.0017752988330586744    0.005608                 40.391586402516765
0.0015798036872202996     0.0017752988330586742    0.005608                 21.49967181870251
0.0015259555308304493     0.0017129482495880114    0.005608                 45.506402453625704
0.0015884555308304494     0.0017129482495880117    0.005608                 28.929038316600398
0.001534607374440599      0.0016505976661173487    0.005608                 48.71608059659394
0.0015971073744405994     0.0016505976661173487    0.005608                 34.14475854019558
0.001543259218050749      0.001588247082646686     0.005608                 50.02062083142187
0.0016057592180507491     0.001588247082646686     0.005608                 37.146832489487466
0.0015519110616608986     0.0015258964991760233    0.005608                 49.42002315810899
0.0016144110616608987     0.0015258964991760233    0.005608                 37.93526016447688
0.0015605629052710486     0.0014635459157053606    0.005608                 46.9142875766554
0.0016250000000000001     0.0018999999999999998    0.005608                 -2.8568771443414887E-12
0.00163365184361015       0.0018376494165293369    0.005608000000000001     4.96527809108219
0.0016423036872202997     0.0017752988330586744    0.005608                 7.7169099078641
0.0016509555308304494     0.0017129482495880119    0.005608                 8.254895450342964
0.0016596073744405992     0.001650597666117349     0.005608                 6.579234718518615
0.001668259218050749      0.001588247082646686     0.005608000000000001     2.6899277123913627
0.0016875000000000002     0.0018999999999999998    0.005608000000000001     -2.6817820713614905E-12
0.00169615184361015       0.001837649416529337     0.005608000000000001     -1.926102864337218
0.0017048036872203        0.0017752988330586744    0.005608                 -6.065852002974351
0.0017134555308304495     0.0017129482495880117    0.005608                 -12.419247415914963
0.0017221073744405995     0.001650597666117349     0.005608000000000001     -20.986289103158366
0.0017500000000000003     0.0019                   0.005608000000000001     -2.1607160476711576E-12
0.00175865184361015       0.0018376494165293373    0.005608000000000001     -8.817483819756106
0.0017673036872202998     0.0017752988330586744    0.005608000000000001     -19.848613913812933
0.0017759555308304495     0.0017129482495880119    0.005608000000000001     -33.0933902821726
0.0018125000000000003     0.0019000000000000002    0.005608000000000001     -2.281073863757838E-12
0.00182115184361015       0.0018376494165293373    0.005608000000000001     -15.708864775174831
0.0018298036872202998     0.0017752988330586746    0.005608000000000001     -33.63137582465099
0.0018750000000000004     0.0019                   0.005608000000000002     -2.0129297260867294E-12
0.0018836518436101501     0.0018376494165293373    0.005608000000000002     -22.6002457305943
0.0019375000000000004     0.0019000000000000002    0.005608000000000002     -1.24646539672694E-12
0.0010625                 0.0019000000000000002    0.005608                 1.5161450165577615E-12
0.0010736939302428926     0.0018400230765125499    0.005608                 15.56840078858977
0.0010848878604857851     0.0017800461530250995    0.005608                 28.534996885174337
0.0010960817907286777     0.0017200692295376492    0.005608                 38.899788289753815
0.0011072757209715704     0.0016600923060501988    0.005608                 46.66277500232968
0.001118469651214463      0.0016001153825627485    0.005608                 51.82395702290137
0.0011296635814573555     0.0015401384590752985    0.005608                 54.38333435146842
0.001140857511700248      0.0014801615355878482    0.005608                 7.3770227730461215
0.0011250000000000001     0.0019                   0.005608                 1.6505162470496699E-12
0.0011361939302428925     0.0018400230765125499    0.005608                 8.610037341978796
0.0011473878604857852     0.0017800461530250995    0.005608                 14.618269991951934
0.001158581790728678      0.0017200692295376492    0.005608                 18.024697949920665
0.0011697757209715703     0.001660092306050199     0.005608                 18.829321215885557
0.001180969651214463      0.0016001153825627487    0.005608                 17.032139789845928
0.0011921635814573556     0.0015401384590752983    0.005608                 -22.9979823930247
0.0011875000000000002     0.0019000000000000002    0.005608                 1.6514116866199726E-12
0.0011986939302428927     0.0018400230765125499    0.005608                 1.651673895367935
0.0012098878604857853     0.0017800461530250995    0.005608                 0.7015430987299851
0.0012210817907286778     0.0017200692295376492    0.005608                 -2.8503923899125994
0.0012322757209715703     0.0016600923060501988    0.005608                 -9.004132570559136
0.001243469651214463      0.0016001153825627485    0.005608                 -42.435151655984896
0.00125                   0.0019                   0.005608                 1.6936216870328944E-12
0.0012611939302428926     0.0018400230765125496    0.005608                 -5.306689551243153
0.0012723878604857853     0.0017800461530250995    0.005608                 -13.215183794492646
0.0012835817907286778     0.0017200692295376492    0.005608                 -23.72548272974541
0.0012947757209715704     0.0016600923060501988    0.005608                 -50.93448501583407
0.0013124999999999999     0.0018999999999999998    0.005608                 1.7994194905116775E-12
0.0013236939302428926     0.0018400230765125494    0.005608                 -12.26505299785407
0.0013348878604857852     0.0017800461530250993    0.005608                 -27.13191068771414
0.0013460817907286777     0.001720069229537649     0.005608                 -48.49598247257245
0.0013750000000000001     0.0018999999999999998    0.005608                 1.979847272448899E-12
0.0013861939302428927     0.0018400230765125496    0.005608                 -19.22341644446516
0.0013973878604857854     0.0017800461530250993    0.005608                 -35.11964402619947
0.0014375                 0.0019                   0.005608                 1.989795932457275E-12
0.0014486939302428927     0.0018400230765125496    0.005608                 -10.80546967671583
0.0015006049919037913     0.001465919575688573     0.005608                 3.5628326839591864
0.0014919531482936418     0.0015282701591592357    0.005608                 7.722407847852537
0.001483301304683492      0.0015906207426298984    0.005608                 10.285353469767642
0.001474649461073342      0.0016529713261005613    0.005608                 11.251669549704218
0.0014659976174631923     0.0017153219095712238    0.005608                 10.621356087662605
0.0014573457738530425     0.0017776724930418867    0.005608                 8.394413083642753
0.0014406470785365342     0.0014682932356717853    0.005608                 -2.4319390955506037
0.0014319952349263845     0.0015306438191424483    0.005608                 -4.590422286776402
0.0014233433913162347     0.0015929944026131112    0.005608                 -8.345535019980389
0.001414691547706085      0.0016553449860837737    0.005608                 -13.697277295162706
0.0014060397040959348     0.0017176955695544364    0.005608                 -20.645649112323554
0.001380689165169277      0.001470666895654998     0.005608                 -8.905448438316341
0.0013720373215591272     0.0015330174791256608    0.005608                 -17.381989984661175
0.0013633854779489774     0.0015953680625963235    0.005608                 -27.45516107298431
0.0013547336343388277     0.0016577186460669862    0.005608                 -39.12496170328575
0.0013207312518020197     0.0014730405556382105    0.005608                 -15.857695344338012
0.00131207940819187       0.0015353911391088734    0.005608                 -30.65229524580195
0.0013034275645817201     0.001597741722579536     0.005608                 -47.04352468924435
0.0012607733384347626     0.001475414215621423     0.005608                 -23.288679813615687
0.0012521214948246128     0.0015377647990920857    0.005608                 -44.401338070198676
0.0012008154250675053     0.0014777878756046356    0.005608                 -31.19840184614924
0.00207785585493904       9.554426272156001E-4     0.005608                 11.323799476212002
0.0020606993670322545     8.973157143624278E-4     0.005608                 0.9484073735495571
0.0020184598066237923     9.458699516058216E-4     0.005608                 0.46971787087862893
0.002001303318717006      8.877430387526494E-4     0.005608                 -4.494127687438862
0.0019590637583085445     9.362972759960433E-4     0.005608                 -8.440122871392255
0.0019419072704017582     8.78170363142871E-4      0.005608                 -8.15088445530904
0.0018996677099932962     9.267246003862649E-4     0.005608                 -15.40572275060075
0.0018825112220865103     8.685976875330926E-4     0.005608                 -10.021862930060635
0.0018402716616780482     9.171519247764865E-4     0.005608                 -20.427081766746802
0.001823115173771262      8.590250119233141E-4     0.005608                 -10.107063111693321
0.0017808756133628001     9.07579249166708E-4      0.005608                 -23.50419991983048
0.0017637191254560142     8.494523363135357E-4     0.005608                 -8.406485000207546
0.0017214795650475523     8.980065735569295E-4     0.005608                 -24.637077209851597
0.0017043230771407662     8.398796607037573E-4     0.005608                 -10.669755489130262
0.0016620835167323043     8.884338979471512E-4     0.005608                 -8.513175152601221
0.0020435428791254684     8.391888015092554E-4     0.005608                 -7.151604609670301
0.00198414683081022       8.29616125899477E-4      0.005608                 -6.900862946930886
0.0019247507824949723     8.200434502896985E-4     0.005608                 -4.8643429910736415
0.0018653547341797242     8.104707746799202E-4     0.005608                 -1.0420447420972891
0.0018059586858644762     8.008980990701418E-4     0.005608                 4.566031799997376
0.0017465626375492282     7.913254234603634E-4     0.005608                 9.06576852831811
0.0020263863912186823     7.810618886560832E-4     0.005608                 -11.95440270782305
0.001966990342903434      7.714892130463048E-4     0.005608                 -6.010384321356128
0.0019075942945881862     7.619165374365263E-4     0.005608                 1.7194123582290501
0.0018481982462729381     7.523438618267479E-4     0.005608                 11.23498733093298
0.00178880219795769       7.427711862169695E-4     0.005608                 22.27527745289564
0.002009229903311896      7.229349758029109E-4     0.005608                 -13.459986920908392
0.0019498338549966481     7.133623001931324E-4     0.005608                 -1.8226918107144172
0.0018904378066814        7.03789624583354E-4      0.005608                 11.600381592598467
0.0018310417583661523     6.942169489735756E-4     0.005608                 28.95877128460204
0.00199207341540511       6.648080629497385E-4     0.005608                 -11.668357248927322
0.0019326773670898622     6.552353873399601E-4     0.005608                 5.662214584994501
0.001873281318774614      6.456627117301817E-4     0.005608                 29.11625002343715
0.001974916927498324      6.066811500965662E-4     0.005608                 -6.5795136918792
0.0019155208791830762     5.971084744867878E-4     0.005608                 22.747713669401215
0.001957760439591538      5.485542372433939E-4     0.005608                 9.853162222493898
0.001650474920750916      9.525290772330944E-4     0.005608                 24.77488693878459
0.0016027397430862348     8.92680978185966E-4      0.005608                 11.736072551273757
0.0015911311471048465     9.567761574719094E-4     0.005608                 19.01365632661981
0.0016388663247695278     0.0010166242565190378    0.005608                 32.14193161418228
0.0015795225511234584     0.0010208713367578527    0.005608                 25.00530879217422
0.0016272577287881394     0.0010807194358049812    0.005608                 37.25431751475122
0.0015679139551420702     0.0010849665160437962    0.005608                 28.646698497123907
0.0016156491328067513     0.0011448146150909244    0.005608                 40.11204464049308
0.001556305359160682      0.0011490616953297394    0.005608                 29.93782544146825
0.001604040536825363      0.0012089097943768677    0.005608                 40.71511299140684
0.0015446967631792938     0.0012131568746156828    0.005608                 28.87868962520747
0.0015924319408439748     0.0012730049736628113    0.005608                 39.06352256749278
0.0015330881671979054     0.0012772520539016262    0.005608                 25.469291048341233
0.0015808233448625867     0.0013371001529487545    0.005608                 35.157273368750594
0.0015433959694401657     8.96928058424781E-4      0.005608                 12.290493094056838
0.001531787373458777      9.610232377107242E-4     0.005608                 13.79293511674922
0.001520178777477389      0.0010251184169966677    0.005608                 13.408939805738441
0.0015085701814960008     0.0010892135962826109    0.005608                 10.674681734122942
0.0014969615855146127     0.0011533087755685543    0.005608                 5.590160901901982
0.0014853529895332246     0.0012174039548544975    0.005608                 -1.8446226909240977
0.0014840521957940962     9.01175138663596E-4      0.005608                 12.016811527299232
0.0014724435998127081     9.652703179495392E-4     0.005608                 7.73760568690318
0.0014608350038313198     0.0010293654972354826    0.005608                 0.9779625993273839
0.0014492264078499316     0.0010934606765214258    0.005608                 -8.131943248853531
0.0014376178118685433     0.0011575558558073692    0.005608                 -19.59211185763911
0.0014247084221480268     9.054222189024108E-4     0.005608                 10.915027851000136
0.0014130998261666387     9.695173981883541E-4     0.005608                 0.8476680370819167
0.0014014912301852506     0.0010336125774742973    0.005608                 -12.287622827059067
0.0013898826342038622     0.0010977077567602407    0.005608                 -27.77317645180551
0.0013653646485019574     9.096692991412256E-4     0.005608                 8.985142065160183
0.0013537560525205693     9.73764478427169E-4      0.005608                 -6.876877832714854
0.0013421474565391812     0.0010378596577131122    0.005608                 -26.38781647342148
0.0013060208748558882     9.139163793800406E-4     0.005608                 6.227154169778718
0.0012944122788745        9.78011558665984E-4      0.005608                 -15.436031922487018
0.001246677101209819      9.181634596188554E-4     0.005608                 2.641064164856566
0.0019012362366078108     0.0012086840128934578    0.005608                 -26.336717227194043
0.001855462966358493      0.0012270291757585001    0.005608                 -23.452171953699327
0.0018096896961091753     0.0012453743386235424    0.005608                 -11.899107439343851
0.0017639164258598575     0.001263719501488585     0.005608                 -2.872796108660907
0.0017181431556105397     0.0012820646643536273    0.005608                 3.6267620383493977
0.0016723698853612222     0.0013004098272186696    0.005608                 7.599567001686978
0.0016265966151119042     0.0013187549900837122    0.005608                 9.045618781351834
0.0018670715623398814     0.001162933996472557     0.005608                 -38.6537360580833
0.0018212982920905634     0.001181279159337599     0.005608                 -27.08573895330538
0.0017755250218412458     0.0011996243222026416    0.005608                 -13.33640435251445
0.001729751751591928      0.001217969485067684     0.005608                 -2.113822935396172
0.0016839784813426103     0.0012363146479327262    0.005608                 6.58200529804958
0.0016382052110932926     0.0012546598107977688    0.005608                 12.751080347822494
0.0018329068880719515     0.0011171839800516558    0.005608                 -45.56151354201444
0.001787133617822634      0.0011355291429166981    0.005608                 -25.959067385418933
0.0017413603475733164     0.0011538743057817407    0.005608                 -10.013462698192598
0.0016955870773239985     0.001172219468646783     0.005608                 3.405388805361156
0.001649813807074681      0.0011905646315118253    0.005608                 14.297487125242242
0.001798742213804022      0.001071433963630755     0.005608                 -47.06004967898792
0.0017529689435547046     0.0010897791264957973    0.005608                 -20.072157250039453
0.0017071956733053866     0.0011081242893608398    0.005608                 -1.9302824763778688
0.001661422403056069      0.0011264694522258821    0.005608                 13.684839113611133
0.0017645775395360927     0.001025683947209854     0.005608                 -43.14934446900327
0.001718804269286775      0.0010440291100748964    0.005608                 -9.42500854716765
0.0016730309990374572     0.001062374272939939     0.005608                 10.913136312929396
0.0017304128652681633     9.79933930788953E-4      0.005608                 -33.82939791206127
0.0016846395950188453     9.982790936539955E-4     0.005608                 5.982378723196717
0.0016962481910002337     9.341839143680521E-4     0.005608                 -19.10021000816107
0.0019264676106551294     0.0011725066720823353    0.005608                 -2.038747875273657
0.0018923029363871998     0.0011267566556614345    0.005608                 -20.443165437122275
0.0018581382621192701     0.0010810066392405334    0.005608                 -32.789338872548115
0.0018239735878513407     0.0010352566228196325    0.005608                 -39.07726818155095
0.0017898089135834113     9.895066063987316E-4     0.005608                 -39.306953364130436
0.0017556442393154817     9.437565899778305E-4     0.005608                 -33.4783944202874
0.0019516989847024476     0.0011363293312712127    0.005608                 7.9079743864724605
0.0019175343104345182     0.0010905793148503118    0.005608                 -10.096660161488444
0.0018833696361665888     0.0010448292984294107    0.005608                 -22.043050583026343
0.0018492049618986594     9.990792820085098E-4     0.005608                 -27.93119687814101
0.0018150402876307295     9.53329265587609E-4      0.005608                 -27.76109904683318
0.001976930358749766      0.0011001519904600902    0.005608                 14.698721982577467
0.0019427656844818368     0.001054401974039189     0.005608                 -2.9061295514953827
0.0019086010102139072     0.0010086519576182882    0.005608                 -14.452736959145227
0.0018744363359459778     9.629019411973873E-4     0.005608                 -19.941100240372435
0.002002161732797085      0.0010639746496489677    0.005608                 18.33349491304159
0.0019679970585291555     0.0010182246332280666    0.005608                 1.1284263928564542
0.0019338323842612258     9.724746168071658E-4     0.005608                 -10.018398000905506
0.0020273931068444033     0.001027797308837845     0.005608                 18.812293177864603
0.001993228432576474      9.820472924169442E-4     0.005608                 2.0070076715674645
0.0020526244808917217     9.916199680267226E-4     0.005608                 16.135116777046676
0.0010625000000000003     5.0E-4                   0.005607999999999999     3.9351146759615307E-13
0.0010859166659454688     5.528013174822088E-4     0.005608                 -6.240163170310257
0.0011250000000000001     5.0E-4                   0.005608                 4.2222486077668695E-13
0.0011484166659454687     5.528013174822087E-4     0.005608                 0.1797305854677121
0.0011875000000000002     5.0E-4                   0.005607999999999999     4.4764266253590523E-13
0.0012109166659454687     5.528013174822087E-4     0.005608                 6.599624341246023
0.00125                   5.0E-4                   0.005608                 4.697648728738082E-13
0.0012734166659454688     5.528013174822087E-4     0.005608                 13.01951809702405
0.0013124999999999999     5.0E-4                   0.005608                 4.885914917903957E-13
0.0013359166659454686     5.528013174822087E-4     0.005608                 19.4394118528023
0.001375                  4.999999999999999E-4     0.005607999999999999     5.041225192856678E-13
0.0013984166659454687     5.528013174822087E-4     0.005608                 25.859305608580325
0.0014375                 4.999999999999999E-4     0.005608                 5.163579553596243E-13
0.0014609166659454685     5.528013174822087E-4     0.005608                 6.132171401476537
0.0014999999999999998     4.999999999999999E-4     0.005608                 -16.495304607755426
0.0011093333318909376     6.056026349644176E-4     0.005608                 -8.072164013925743
0.0011718333318909376     6.056026349644176E-4     0.005608                 4.767623497630309
0.0012343333318909375     6.056026349644175E-4     0.005608                 17.6074110091867
0.0012968333318909373     6.056026349644175E-4     0.005608                 30.44719852074287
0.0013593333318909374     6.056026349644175E-4     0.005608                 43.28698603229915
0.0014218333318909374     6.056026349644174E-4     0.005608                 29.379732575393447
0.0011327499978364061     6.584039524466265E-4     0.005607999999999999     -5.4960025308460025
0.0011952499978364062     6.584039524466263E-4     0.005608                 13.763678736488188
0.0012577499978364062     6.584039524466263E-4     0.005607999999999999     33.02336000382273
0.001320249997836406      6.584039524466263E-4     0.005608                 52.28304127115702
0.001382749997836406      6.584039524466263E-4     0.005608                 44.99972661011791
0.0011561666637818749     7.112052699288352E-4     0.005608                 1.4883212789287361
0.0012186666637818747     7.112052699288352E-4     0.005608                 27.167896302041296
0.0012811666637818748     7.11205269928835E-4      0.005608                 52.84747132515396
0.0013436666637818748     7.11205269928835E-4      0.005608                 52.99215350564989
0.0011795833297273436     7.640065874110439E-4     0.005608                 12.880807415399383
0.0012420833297273435     7.640065874110439E-4     0.005608                 44.98027619428986
0.0013045833297273433     7.640065874110439E-4     0.005608                 53.3570132619893
0.0012029999956728122     8.168079048932528E-4     0.005608                 28.681455878564798
0.0012654999956728122     8.168079048932528E-4     0.005608                 46.09430587913606
0.001226416661618281      8.696092223754615E-4     0.005608                 31.20403135709031
0.0015624999999999999     4.999999999999999E-4     0.005608                 -5.050204717566645E-13
0.001520260439591538      5.485542372433938E-4     0.005608                 -36.003458687687626
0.001582760439591538      5.485542372433938E-4     0.005608                 -13.982633229756052
0.001625                  4.999999999999999E-4     0.005608                 -4.941970812246698E-13
0.001645260439591538      5.485542372433939E-4     0.005608                 -8.668897575671348
0.0016874999999999998     5.0E-4                   0.005608                 -4.804073359174509E-13
0.001707760439591538      5.485542372433939E-4     0.005608                 -3.35516192158663
0.0017499999999999998     5.0E-4                   0.005608                 -4.636512358350079E-13
0.0017702604395915381     5.485542372433939E-4     0.005608                 1.9585737324980732
0.0018124999999999999     5.0E-4                   0.005608                 -4.4392878097734065E-13
0.001832760439591538      5.485542372433939E-4     0.005608                 7.272309386582762
0.001875                  5.0E-4                   0.005608                 -4.212399713444494E-13
0.001895260439591538      5.485542372433939E-4     0.005608                 12.586045040667466
0.0019375                 5.0E-4                   0.005608                 -3.9558480693633384E-13
0.001540520879183076      5.971084744867877E-4     0.005608                 -43.76538989908045
0.0016030208791830759     5.971084744867878E-4     0.005608                 -24.08626406781474
0.001665520879183076      5.971084744867878E-4     0.005608                 -13.458792759645444
0.001728020879183076      5.971084744867878E-4     0.005608                 -2.83132145147602
0.001790520879183076      5.971084744867878E-4     0.005608                 7.796149856693313
0.001853020879183076      5.971084744867878E-4     0.005608                 18.423621164862777
0.001560781318774614      6.456627117301817E-4     0.005608                 -48.02875054581217
0.0016232813187746142     6.456627117301817E-4     0.005608                 -30.310892514176793
0.0016857813187746143     6.456627117301817E-4     0.005608                 -14.36968555192271
0.0017482813187746139     6.456627117301817E-4     0.005608                 1.5715214103313135
0.001810781318774614      6.456627117301817E-4     0.005608                 17.512728372585197
0.001581041758366152      6.942169489735756E-4     0.005608                 -48.7935406278828
0.001643541758366152      6.942169489735756E-4     0.005608                 -32.65651856884205
0.0017060417583661521     6.942169489735756E-4     0.005608                 -11.401575952503368
0.0017685417583661522     6.942169489735756E-4     0.005608                 9.853366663835349
0.00160130219795769       7.427711862169695E-4     0.005608                 -46.05976014529183
0.00166380219795769       7.427711862169695E-4     0.005608                 -31.123142231810796
0.00172630219795769       7.427711862169695E-4     0.005608                 -4.5544639613873334
0.001621562637549228      7.913254234603634E-4     0.005608                 -39.82740909803983
0.001684062637549228      7.913254234603634E-4     0.005608                 -25.710763503082237
0.0016418230771407662     8.398796607037572E-4     0.005608                 -30.09648748612686
0.0015824793034946967     8.441267409425721E-4     0.005608                 -1.2419065770030215
0.0015231355298486275     8.48373821181387E-4      0.005608                 3.2720338578903423
0.0014637917562025581     8.526209014202019E-4     0.005608                 6.964378293676852
0.0014044479825564887     8.568679816590169E-4     0.005608                 9.835126730356563
0.0013451042089104195     8.611150618978317E-4     0.005608                 11.884279167929577
0.0012857604352643501     8.653621421366467E-4     0.005608                 13.111835606395744
0.0015622188639031586     7.955725036991783E-4     0.005608                 -12.166078418467578
0.0015028750902570894     7.998195839379931E-4     0.005608                 -3.092112067552833
0.00144353131661102       8.04066664176808E-4      0.005608                 5.160258284255136
0.0013841875429649508     8.08313744415623E-4      0.005608                 12.591032636956413
0.0013248437693188814     8.125608246544379E-4     0.005608                 19.200210990550943
0.001541958424311621      7.470182664557843E-4     0.005608                 -19.972111522306477
0.0014826146506655515     7.512653466945992E-4     0.005608                 -6.33811925537033
0.0014232708770194821     7.555124269334141E-4     0.005608                 6.474277012459254
0.0013639271033734127     7.59759507172229E-4      0.005608                 18.465077281181948
0.0015216979847200826     6.984640292123905E-4     0.005608                 -24.66000588851989
0.0014623542110740132     7.027111094512053E-4     0.005608                 -6.465987705561972
0.001403010437427944      7.069581896900202E-4     0.005608                 10.906434478288986
0.0015014375451285447     6.499097919689965E-4     0.005608                 -26.229761517107278
0.0014420937714824753     6.541568722078114E-4     0.005608                 -3.475717418128056
0.0014811771055370066     6.013555547256026E-4     0.005608                 -24.681378408069108
7.73399218687599E-4       7.596707952984669E-4     0.005608                 -8.145283104646603
7.343421874465134E-4      7.809083007320192E-4     0.005608                 -15.392935401415295
6.952851562054278E-4      8.021458061655718E-4     0.005608                 -13.957226582241578
6.562281249643423E-4      8.233833115991239E-4     0.005608                 -13.00945019294037
6.171710937232567E-4      8.446208170326762E-4     0.005608                 -12.549606233511541
5.781140624821711E-4      8.658583224662288E-4     0.005608                 -12.577694703955004
5.390570312410855E-4      8.870958278997809E-4     0.005608                 -13.093715604270924
4.999999999999999E-4      9.083333333333333E-4     0.005607999999999999     -14.097668934459278
7.343421874465134E-4      7.225749673986859E-4     0.005608                 -13.336785089064994
6.952851562054278E-4      7.438124728322384E-4     0.005608                 -18.480408887736623
6.562281249643423E-4      7.650499782657906E-4     0.005608                 -16.874073080613133
6.171710937232566E-4      7.862874836993429E-4     0.005608                 -15.755669703361983
5.781140624821711E-4      8.075249891328953E-4     0.005608                 -15.125198755983215
5.390570312410856E-4      8.287624945664477E-4     0.005608                 -14.982660238476807
4.999999999999999E-4      8.5E-4                   0.005608                 -15.328054150842831
6.952851562054278E-4      6.85479139498905E-4      0.005608                 -16.918925861540885
6.562281249643423E-4      7.067166449324573E-4     0.005608                 -20.675270141639206
6.171710937232567E-4      7.279541503660096E-4     0.005607999999999999     -18.89830734656576
5.781140624821711E-4      7.49191655799562E-4      0.005608                 -17.609276981364662
5.390570312410856E-4      7.704291612331143E-4     0.005607999999999999     -16.808179046035967
5.0E-4                    7.916666666666666E-4     0.005607999999999999     -16.495013540579663
6.562281249643423E-4      6.48383311599124E-4      0.005608                 -18.891705422074203
6.171710937232567E-4      6.696208170326763E-4     0.005608                 -21.977519163122835
5.781140624821711E-4      6.908583224662287E-4     0.005608                 -20.029929380099468
5.390570312410856E-4      7.12095827899781E-4      0.005608                 -18.570272026948423
5.0E-4                    7.333333333333333E-4     0.005608                 -17.59854710366983
6.171710937232567E-4      6.11287483699343E-4      0.005608                 -19.25512377066495
5.781140624821711E-4      6.325249891328954E-4     0.005608                 -22.387155952187594
5.390570312410856E-4      6.537624945664477E-4     0.005608                 -20.268939181214225
5.0E-4                    6.75E-4                  0.005608                 -18.638654840113333
5.781140624821711E-4      5.741916557995619E-4     0.005608                 -18.00918090731316
5.390570312410856E-4      5.954291612331143E-4     0.005608                 -21.904180508833374
5.0E-4                    6.166666666666666E-4     0.005607999999999999     -19.615336749910057
5.390570312410856E-4      5.37095827899781E-4      0.005608                 -15.153876832018748
5.0E-4                    5.583333333333333E-4     0.005608                 -20.52859283306023
5.0E-4                    5.0E-4                   0.005608                 -10.689211544781813
7.968421874465134E-4      7.22574967398686E-4      0.005608                 6.898935656669735
7.577851562054279E-4      6.85479139498905E-4      0.005608                 -0.06616243144086262
7.187281249643422E-4      6.483833115991241E-4     0.005608                 -4.705150328085098
6.796710937232567E-4      6.11287483699343E-4      0.005608                 -7.018028033263217
6.406140624821711E-4      5.741916557995619E-4     0.005608                 -7.004795546974966
6.015570312410856E-4      5.370958278997811E-4     0.005608                 -4.665452869220598
5.625000000000001E-4      5.0E-4                   0.005608                 0
8.20285156205428E-4       6.854791394989051E-4     0.005608                 10.76536149361503
7.812281249643424E-4      6.48383311599124E-4      0.005607999999999999     3.960068811959598
7.421710937232568E-4      6.11287483699343E-4      0.005607999999999999     -0.5191136782296377
7.031140624821713E-4      5.741916557995619E-4     0.005607999999999999     -2.6721859769526524
6.640570312410857E-4      5.37095827899781E-4      0.005608                 -2.4991480842094305
6.250000000000001E-4      5.0E-4                   0.005607999999999999     0
8.437281249643424E-4      6.48383311599124E-4      0.005608                 12.625287952004296
8.046710937232569E-4      6.11287483699343E-4      0.005608                 5.979800676803879
7.656140624821713E-4      5.741916557995619E-4     0.005608                 1.6604235930696878
7.265570312410857E-4      5.370958278997811E-4     0.005608                 -0.3328432991982666
6.875000000000002E-4      5.0E-4                   0.005608                 0
8.671710937232568E-4      6.11287483699343E-4      0.005608                 12.47871503183741
8.281140624821713E-4      5.741916557995619E-4     0.005608                 5.993033163092038
7.890570312410857E-4      5.37095827899781E-4      0.005608                 1.8334614858129044
7.500000000000001E-4      5.0E-4                   0.005608                 0
8.906140624821712E-4      5.741916557995619E-4     0.005607999999999999     10.325642733114389
8.515570312410856E-4      5.37095827899781E-4      0.005607999999999999     3.9997662708241
8.125000000000001E-4      5.0E-4                   0.005607999999999999     0
9.140570312410858E-4      5.37095827899781E-4      0.005608                 6.166071055835268
8.750000000000002E-4      5.0E-4                   0.005608                 0
9.375000000000002E-4      5.0E-4                   0.005607999999999999     0
